"AAPL.T+1","IBM.T+1","MCD.T+1","MatrixID"
2.53271421218832,0.559786747642301,0.244869783347908,1
0.559786747642301,1.32117473524751,0.372219756395574,1
0.244869783347908,0.372219756395574,0.724216665236564,1
2.32495990222236,0.536529392878451,0.245692880749521,2
0.536529392878451,1.27611844485167,0.351496355803186,2
0.245692880749521,0.351496355803186,0.707822859419764,2
2.13738260410747,0.508328073196201,0.235781789776766,3
0.508328073196201,1.22394422868613,0.314162281120722,3
0.235781789776766,0.314162281120722,0.719108227197857,3
2.36560941396041,0.585691130501338,0.279994345057264,4
0.585691130501338,1.23922053796951,0.322328012697102,4
0.279994345057264,0.322328012697102,0.706887690158503,4
2.68849630654259,0.646879615745813,0.42961413550292,5
0.646879615745813,1.21416171446975,0.351406310096341,5
0.42961413550292,0.351406310096341,0.767246130715391,5
2.43766228133119,0.600111986445357,0.405512718901944,6
0.600111986445357,1.25791987973303,0.322879470214811,6
0.405512718901944,0.322879470214811,0.757719178180221,6
2.45664693894095,0.666219363622355,0.452853880960768,7
0.666219363622355,1.34495689724641,0.374325232876085,7
0.452853880960768,0.374325232876085,0.776847429869632,7
2.26677782682882,0.674007201496066,0.434141782635717,8
0.674007201496066,1.50533658750458,0.413541624589175,8
0.434141782635717,0.413541624589175,0.770313556453933,8
2.08009957894985,0.606731952865559,0.402202088031923,9
0.606731952865559,1.38808175476238,0.397952851885048,9
0.402202088031923,0.397952851885048,0.763851981789034,9
2.06619132926427,0.537104607889132,0.355120279738223,10
0.537104607889132,1.33492970571849,0.395397014386631,10
0.355120279738223,0.395397014386631,0.758538001793193,10
2.55747426870817,0.633674526669279,0.559050433620565,11
0.633674526669279,1.30254297478116,0.429485346710163,11
0.559050433620565,0.429485346710163,0.856404511935893,11
2.34903112742901,0.626316217100652,0.515643126693312,12
0.626316217100652,1.37644051702672,0.424975427849379,12
0.515643126693312,0.42497542784938,0.83130289317699,12
2.26370114644476,0.584826788938763,0.534796646046143,13
0.584826788938763,1.26419427061341,0.403995007003918,13
0.534796646046143,0.403995007003918,0.872431523576945,13
2.12140923637404,0.748607686851336,0.510685658008592,14
0.748607686851336,2.26993481678694,0.556909979594816,14
0.510685658008592,0.556909979594816,0.862847416891834,14
2.64632401364808,0.670467366100944,0.51189596425286,15
0.670467366100944,1.94815132785105,0.500133263944218,15
0.51189596425286,0.500133263944217,0.836404341641155,15
2.55748598747548,0.589155029963696,0.518995443470879,16
0.589155029963696,1.73175129698645,0.437613964127114,16
0.51899544347088,0.437613964127114,0.8360851112963,16
2.3473134034206,0.531442838233748,0.490856862784639,17
0.531442838233748,1.55681581870015,0.391190972704093,17
0.490856862784639,0.391190972704093,0.829610515224879,17
2.20514965223242,0.484496618245562,0.46923672671719,18
0.484496618245562,1.4103413963529,0.360164370009395,18
0.46923672671719,0.360164370009395,0.812431669126682,18
2.04468825908025,0.450945396642632,0.439991403910648,19
0.450945396642632,1.39365918684617,0.338705065165409,19
0.439991403910648,0.338705065165409,0.792675525115124,19
1.89709378226829,0.432763881568759,0.413133901965994,20
0.432763881568759,1.30887596293687,0.33570888781375,20
0.413133901965994,0.33570888781375,0.780090093116374,20
1.8797228463799,0.500960343723963,0.430493164969208,21
0.500960343723963,1.43231924826353,0.387776625705085,21
0.430493164969208,0.387776625705085,0.787469520535102,21
1.78623694886245,0.462510769718317,0.420808662228124,22
0.462510769718318,1.30534122515829,0.356170443947507,22
0.420808662228124,0.356170443947507,0.790015429926306,22
2.0207742565746,0.651699439591288,0.471234198342073,23
0.651699439591288,1.59273790106366,0.424413146341986,23
0.471234198342073,0.424413146341986,0.787567172420618,23
1.90966590515567,0.616740929257328,0.412982174025175,24
0.616740929257328,1.49808507073687,0.367094279038491,24
0.412982174025175,0.367094279038491,0.801529607988547,24
1.88578667286523,0.53977822918142,0.391599277633768,25
0.53977822918142,1.6429653071783,0.371769451872009,25
0.391599277633768,0.371769451872009,0.779405410042084,25
1.94251752476245,0.495927912295126,0.388226953325662,26
0.495927912295126,1.46260180885399,0.346605477504985,26
0.388226953325662,0.346605477504985,0.759654682003523,26
1.81096663020708,0.459274060829753,0.353108685836344,27
0.459274060829753,1.32374284935998,0.328967919974885,27
0.353108685836344,0.328967919974885,0.801770973685694,27
1.6967153353024,0.692974964793515,0.336346968340253,28
0.692974964793515,12.7321873393786,0.114992737642082,28
0.336346968340253,0.114992737642082,0.794507962826572,28
1.64546248647861,0.628616513941176,0.358248209129606,29
0.628616513941176,9.6015022583559,0.159339103430379,29
0.358248209129606,0.159339103430379,0.831388147992688,29
1.56074298283952,0.564620406903425,0.34462875456083,30
0.564620406903425,7.29551735487544,0.184205351529489,30
0.34462875456083,0.184205351529489,0.816452777402866,30
1.49651917249119,0.508318280684758,0.324175357883973,31
0.508318280684758,5.61942325289736,0.202183145067911,31
0.324175357883973,0.202183145067911,0.800050451458213,31
1.45330901594019,0.493908004813991,0.261063267053402,32
0.493908004813991,4.64958162420407,0.123149672654749,32
0.261063267053402,0.123149672654749,1.01539198666499,32
1.93543356088,0.523427309452917,0.385777631641469,33
0.523427309452917,3.6910979530979,0.158479741769962,33
0.385777631641469,0.158479741769962,1.02021858428949,33
2.1882967410442,0.534341712262462,0.391309848580848,34
0.534341712262462,2.9983122212843,0.174236516898628,34
0.391309848580848,0.174236516898628,0.982895733214516,34
2.06269468734882,0.477476498940105,0.327979399141995,35
0.477476498940105,2.54707566747606,0.232632537245521,35
0.327979399141995,0.232632537245521,1.08722897435503,35
1.94026110665462,0.438084959206214,0.310189339884454,36
0.438084959206214,2.11933592235268,0.234045122684321,36
0.310189339884454,0.234045122684321,1.05744590067665,36
1.87457954056155,0.434233964270454,0.319969965595826,37
0.434233964270454,1.86681957170292,0.244985909932248,37
0.319969965595826,0.244985909932248,1.02361921586343,37
1.77409911314222,0.41791164208143,0.292787378469829,38
0.41791164208143,1.65784073650569,0.226730904625803,38
0.292787378469829,0.226730904625803,1.03426833338487,38
1.66625715768745,0.449491047116773,0.290176105889581,39
0.449491047116773,2.04025567963957,0.291349767838476,39
0.290176105889581,0.291349767838476,1.00288937245742,39
1.62354591482889,0.409049023526451,0.307043125876327,40
0.409049023526451,1.80874626039867,0.271008269740008,40
0.307043125876327,0.271008269740008,0.983372660545543,40
1.54042580044515,0.449631446283377,0.299258164641014,41
0.449631446283377,2.61302158258264,0.344042816445956,41
0.299258164641014,0.344042816445956,0.950418452558382,41
1.89793013424271,0.485259094286759,0.301626412564004,42
0.485259094286759,2.19916293724378,0.324358051936557,42
0.301626412564004,0.324358051936557,0.918597718583279,42
1.77275775452988,0.445510013461342,0.303058820634622,43
0.445510013461342,1.86340591112232,0.306387935979282,43
0.303058820634622,0.306387935979282,0.942095509025502,43
1.82837522487591,0.390748645770169,0.312707926958663,44
0.390748645770169,1.75626462289236,0.298185147291422,44
0.312707926958663,0.298185147291422,0.910996169852703,44
1.71310933015052,0.37140189759986,0.299660293144666,45
0.37140189759986,1.53940816004744,0.284862493612785,45
0.299660293144666,0.284862493612785,0.906998574705217,45
1.64184833133444,0.352375341558566,0.289545412270298,46
0.352375341558566,1.39400824946946,0.281261992394665,46
0.289545412270298,0.281261992394665,0.879536474149989,46
1.77703962061709,0.336011863185449,0.2977186898636,47
0.336011863185449,1.28681079459559,0.275329728212042,47
0.2977186898636,0.275329728212042,0.851992098706555,47
2.37900397743463,0.245255376522624,0.352230468536685,48
0.245255376522625,1.3591490666363,0.270420852331901,48
0.352230468536685,0.270420852331901,0.828741660956314,48
2.41050577953087,0.239393391292237,0.308830891890891,49
0.239393391292237,1.27996359508758,0.280477494503383,49
0.308830891890891,0.280477494503383,0.819927942062205,49
2.20246580158458,0.255927894585843,0.304418579625953,50
0.255927894585843,1.20323135742699,0.282346665643321,50
0.304418579625953,0.28234666564332,0.807427586677005,50
2.02649484548037,0.267500207245965,0.29935606499268,51
0.267500207245965,1.14091226834221,0.284374456370365,51
0.29935606499268,0.284374456370365,0.807721706492988,51
1.88119212069593,0.274781628373551,0.295834362857826,52
0.274781628373551,1.08779259025699,0.27712753927036,52
0.295834362857826,0.27712753927036,0.794692520259605,52
2.87829580886751,0.450702562087879,0.754956757223819,53
0.450702562087879,1.1216039212249,0.364045102819721,53
0.754956757223819,0.364045102819721,1.06183127943222,53
3.00020215897806,0.709276447322639,0.717903918755027,54
0.709276447322639,1.66667523439955,0.405928362239126,54
0.717903918755027,0.405928362239126,1.021748650884,54
3.57185143010239,0.591539460322309,0.469098851835406,55
0.591539460322309,1.63646616641032,0.488975602663387,55
0.469098851835406,0.488975602663387,1.18124418672757,55
3.19659808762838,0.54436463147248,0.447891615044719,56
0.544364631472479,1.45380543928413,0.450405146896963,56
0.447891615044719,0.450405146896963,1.13447999899961,56
2.91703205880826,0.506814042991401,0.38653336631244,57
0.506814042991401,1.31686470837253,0.419426410411213,57
0.38653336631244,0.419426410411213,1.20756967981816,57
2.79878244332083,0.439769276872906,0.374271049528679,58
0.439769276872906,1.52011033993114,0.434874254486947,58
0.374271049528679,0.434874254486947,1.15817582885181,58
2.91895160060324,0.509062590548794,0.555324924299104,59
0.509062590548794,1.45444300097752,0.491748830870595,59
0.555324924299104,0.491748830870595,1.3349313050865,59
3.73860739896734,0.736932788874464,0.758975982914203,60
0.736932788874464,1.53117058886766,0.551949407286726,60
0.758975982914203,0.551949407286726,1.36097161860202,60
3.75923852779741,0.797286100946823,0.707364866383694,61
0.797286100946823,1.52809706494775,0.517160069058909,61
0.707364866383694,0.517160069058909,1.301117027864,61
3.35183601854366,0.705366492870768,0.633803964884594,62
0.705366492870768,1.39274164766562,0.492573713084589,62
0.633803964884594,0.492573713084589,1.28040766103377,62
3.67465755119307,0.719409080402673,0.708402858747856,63
0.719409080402673,1.29098492605079,0.47201306775724,63
0.708402858747856,0.47201306775724,1.25695331286407,63
3.75615886950607,0.812829988148581,0.733141255145082,64
0.812829988148581,1.37091732798532,0.494715657586033,64
0.733141255145082,0.494715657586033,1.22383764715001,64
3.41918976700957,0.717172887184305,0.67881945210612,65
0.717172887184305,1.35789328623175,0.460975736312525,65
0.67881945210612,0.460975736312525,1.17490404512259,65
3.75660598742036,0.642424463288191,0.729459822941241,66
0.642424463288191,1.27932772188361,0.419300369048923,66
0.729459822941241,0.419300369048923,1.1447075692426,66
5.04027626262283,0.348498327094605,0.697764411529686,67
0.348498327094605,1.76611876781585,0.479204835389035,67
0.697764411529686,0.479204835389035,1.10280628685977,67
4.47101725157423,0.343501494371468,0.678942776920127,68
0.343501494371468,1.69592658340898,0.392247826565815,68
0.678942776920127,0.392247826565815,1.14084062690466,68
4.02137289974643,0.362553782114073,0.62704224759866,69
0.362553782114073,1.50312196626127,0.370108885047787,69
0.62704224759866,0.370108885047787,1.09518018333604,69
3.85759748059961,0.487350280951557,0.650555339644222,70
0.487350280951557,1.6021903668265,0.425152426372552,70
0.650555339644222,0.425152426372552,1.08548933533631,70
3.60473540151924,0.500981441596341,0.612426112040837,71
0.500981441596341,1.46537694187255,0.402749703599104,71
0.612426112040838,0.402749703599105,1.04449873443021,71
3.20797987315626,0.482434327282654,0.563559023381958,72
0.482434327282654,1.37548139950211,0.390551650096323,72
0.563559023381958,0.390551650096323,1.00934842319649,72
3.32155791884181,0.54311904070529,0.608946059844459,73
0.54311904070529,1.32222367644151,0.396254953978674,73
0.608946059844459,0.396254953978674,0.995931704804349,73
3.01661879582463,0.497028247497517,0.563673557837285,74
0.497028247497517,1.28477886041188,0.374230131202274,74
0.563673557837285,0.374230131202274,0.961467359014356,74
2.70996227771275,0.468959450797264,0.51604268242245,75
0.468959450797264,1.22478506839139,0.361405513694989,75
0.51604268242245,0.361405513694989,0.929305801929655,75
2.51536527807449,0.436799109698574,0.495825037633065,76
0.436799109698574,1.16775206497154,0.337228194061721,76
0.495825037633065,0.337228194061721,0.90815716774707,76
2.31255769895189,0.422439463520913,0.454095718393933,77
0.422439463520913,1.11148802374227,0.32260586166102,77
0.454095718393933,0.322605861661021,0.881188830468955,77
2.65755128104374,0.658881777439343,0.465570646367742,78
0.658881777439343,1.41537253736596,0.352236339649858,78
0.465570646367742,0.352236339649858,0.854168206701154,78
2.60754379936577,0.564498572555446,0.447968101362965,79
0.564498572555446,1.52225435156613,0.348221988568541,79
0.447968101362965,0.348221988568541,0.82852681430503,79
3.16586976990065,0.548249592974294,0.522005950859541,80
0.548249592974294,1.3689907577624,0.325768275945443,80
0.522005950859541,0.325768275945443,0.814930756631401,80
3.16535185080117,0.74054981283206,0.431954807700591,81
0.74054981283206,1.76397097086377,0.264793517537073,81
0.431954807700591,0.264793517537073,0.81942774495833,81
2.83422278873481,0.658196770370353,0.406068162175712,82
0.658196770370353,1.56138097718888,0.274516228809155,82
0.406068162175712,0.274516228809155,0.83370401971516,82
2.55763642568486,0.590353560698845,0.3878512573975,83
0.590353560698845,1.39778534545306,0.262206072586204,83
0.387851257397501,0.262206072586204,0.848265596058181,83
2.55474409228017,0.496866459498386,0.323179551555069,84
0.496866459498387,1.57542430088222,0.337015346661965,84
0.323179551555069,0.337015346661965,0.852908795954218,84
2.3226392582008,0.466659459367396,0.312554437360743,85
0.466659459367396,1.43778125991477,0.312203180751618,85
0.312554437360743,0.312203180751618,0.836353076743507,85
2.54912277132264,0.402088899570371,0.310233731798516,86
0.402088899570371,1.38924393216423,0.31079423733886,86
0.310233731798516,0.31079423733886,0.812415433845723,86
2.33014197517851,0.383413484909506,0.280890596650865,87
0.383413484909506,1.28950471827295,0.321448915933656,87
0.280890596650865,0.321448915933656,0.866867963834075,87
2.54984175773724,0.481104699249244,0.337537470049825,88
0.481104699249244,1.30150340413062,0.337127276875758,88
0.337537470049825,0.337127276875758,0.8500663868248,88
2.82760488001604,0.588011586064946,0.395842161393159,89
0.588011586064947,1.32793387612447,0.353952870963312,89
0.395842161393159,0.353952870963312,0.834964664857082,89
2.68904968184263,0.578047374743804,0.419884243305752,90
0.578047374743804,1.26411579411912,0.357731854694894,90
0.419884243305752,0.357731854694894,0.837497684631314,90
2.63610037910621,0.62795091656939,0.376200691161542,91
0.62795091656939,1.32574462778547,0.328662623126989,91
0.376200691161542,0.328662623126989,0.8226150287685,91
2.42884708369192,0.584729979301847,0.370383057737881,92
0.584729979301847,1.24309964255657,0.322549254468081,92
0.370383057737881,0.322549254468081,0.805701496805997,92
2.37992379395284,0.397576761822082,0.4201616046896,93
0.397576761822082,4.58352633876718,0.0714604261816685,93
0.4201616046896,0.0714604261816685,0.835442392783528,93
2.17834151064756,0.40136746622277,0.397048292703981,94
0.40136746622277,3.82572113989054,0.126102750216948,94
0.397048292703981,0.126102750216948,0.816070056113378,94
2.02404986282074,0.410744559155304,0.383257298549946,95
0.410744559155304,3.25273466510669,0.17270009471897,95
0.383257298549946,0.17270009471897,0.801582025463136,95
6.2144609317742,0.906352957216388,1.44224401178166,96
0.906352957216388,2.88206584149538,0.312805451605514,96
1.44224401178166,0.312805451605514,1.07067211235549,96
5.98602233901529,0.792811169428675,1.40295776084199,97
0.792811169428675,2.42054597516926,0.28092249354777,97
1.40295776084199,0.28092249354777,1.08570247219065,97
5.20831914744598,0.72610536913136,1.23247021031629,98
0.72610536913136,2.26313761872686,0.276772190973133,98
1.23247021031629,0.276772190973133,1.04564879998844,98
4.58098595462051,0.69069672747242,1.10815606563653,99
0.69069672747242,2.08778404330268,0.324901936670055,99
1.10815606563653,0.324901936670055,1.05880141365959,99
4.35466572487,0.620916018980165,1.04442086864473,100
0.620916018980165,1.79754812313969,0.303914676153018,100
1.04442086864473,0.303914676153018,1.03507821117785,100
3.8516654778087,0.574691599712222,0.92826939933833,101
0.574691599712221,1.59388128119881,0.298880034307587,101
0.92826939933833,0.298880034307587,0.999338639113578,101
3.4421073901791,0.528221105155578,0.828718817113809,102
0.528221105155578,1.41981897905936,0.289159864767789,102
0.828718817113809,0.289159864767789,0.964039029346756,102
3.35033399609835,0.496396557997332,0.76365997206744,103
0.496396557997332,1.29520310084311,0.281873574257615,103
0.76365997206744,0.281873574257615,0.930631269205858,103
3.03613097796684,0.485377936561696,0.683925488138713,104
0.485377936561696,1.23475768367504,0.276351783832678,104
0.683925488138713,0.276351783832678,0.900129352449025,104
3.36150468043654,0.959452248946534,0.77372944975184,105
0.959452248946534,2.29064677299828,0.507602355309083,105
0.77372944975184,0.507602355309083,0.922916982414038,105
3.47276731129344,0.913589177012218,0.782698845692749,106
0.913589177012218,1.97618891038787,0.474164926596588,106
0.782698845692749,0.474164926596588,0.910628708986557,106
3.09220150507076,0.858416701490158,0.698218502979994,107
0.858416701490158,2.12940434014588,0.51780429794226,107
0.698218502979994,0.51780429794226,0.900658455960439,107
3.23172412863149,0.77038369404304,0.669068459813187,108
0.77038369404304,1.81554220208726,0.464078555775752,108
0.669068459813187,0.464078555775752,0.872066176261735,108
2.89755199398175,0.690086794080819,0.607096861774555,109
0.690086794080819,1.62264295687371,0.432599456087089,109
0.607096861774554,0.432599456087089,0.848945662328648,109
3.13090726801494,1.1244417354032,0.664106767015146,110
1.1244417354032,2.6969320284437,0.61847021166467,110
0.664106767015146,0.61847021166467,0.85271420986186,110
2.92123081385226,0.980884965203358,0.613827754529612,111
0.980884965203358,2.25769008463176,0.548078312611475,111
0.613827754529612,0.548078312611475,0.828139728248342,111
3.00251746652874,0.898147531471114,0.519078680058692,112
0.898147531471114,1.92075489681113,0.477919059172184,112
0.519078680058693,0.477919059172184,0.825985749465506,112
3.45548365117319,1.0337268550113,0.732921279917305,113
1.0337268550113,1.92019695580886,0.5586475360186,113
0.732921279917305,0.5586475360186,0.946043418584491,113
3.30562899498903,0.901744086634004,0.61409981212017,114
0.901744086634004,1.65973874486833,0.503624195438713,114
0.61409981212017,0.503624195438713,0.962505343345475,114
3.08288299191446,0.931433074411483,0.638286194205989,115
0.931433074411483,1.82973617875273,0.604629935502597,115
0.638286194205989,0.604629935502597,1.03654437364723,115
2.76485096734611,0.840101151114659,0.582515811493465,116
0.840101151114659,1.80427424653464,0.654379508150755,116
0.582515811493465,0.654379508150755,1.13241776846082,116
2.66843297103899,0.807120731509786,0.649265830959144,117
0.807120731509786,1.67908309282735,0.667256365917331,117
0.649265830959144,0.66725636591733,1.25506750246572,117
2.77488360688735,0.959986812557005,0.651198634167099,118
0.959986812557005,1.95318528067276,0.690661679486543,118
0.651198634167099,0.690661679486543,1.21016108982853,118
2.51757044353183,0.857418929602475,0.619774424745543,119
0.857418929602474,1.99098256177145,0.557214822293529,119
0.619774424745543,0.557214822293529,1.28087885708289,119
2.68730668026368,0.747178102702973,0.62531354832042,120
0.747178102702973,1.74321334295548,0.500576861671045,120
0.62531354832042,0.500576861671045,1.23130774485565,120
3.07471219545431,0.751386090677847,1.10421262027275,121
0.751386090677847,1.55164729410411,0.544474058134304,121
1.10421262027275,0.544474058134304,2.08281877728285,121
2.92991083642441,0.695199151044988,1.03364367781013,122
0.695199151044988,1.40023317814978,0.512610221353092,122
1.03364367781013,0.512610221353092,1.99123335413651,122
3.71916208031025,0.748545531985371,1.00865317561699,123
0.748545531985371,1.29730589710663,0.479478343389453,123
1.00865317561699,0.479478343389453,1.88792137210361,123
4.13370599891794,0.938189752703194,0.997786530978916,124
0.938189752703194,1.45910183834011,0.494866889613279,124
0.997786530978916,0.494866889613279,1.79286520962574,124
4.29925499990626,0.898780769375683,0.796279750160973,125
0.898780769375683,1.3326902485897,0.448737232901737,125
0.796279750160973,0.448737232901737,1.86179001545013,125
4.58430658337516,0.849223154174653,0.809220859007158,126
0.849223154174653,1.22805174080115,0.426649030679707,126
0.809220859007159,0.426649030679707,1.77058400607377,126
4.79659689961258,0.989816287013197,1.03514675370826,127
0.989816287013197,1.35873501059741,0.564707821406973,127
1.03514675370826,0.564707821406973,1.94742890491503,127
4.93966264417156,1.05529151752704,1.18555578158256,128
1.05529151752704,1.3838304702728,0.630679487918461,128
1.18555578158256,0.630679487918461,2.036686247743,128
4.34917592082993,0.947346636243555,1.05546617175039,129
0.947346636243555,1.32281988571333,0.581444640718294,129
1.05546617175039,0.581444640718294,1.93280215857115,129
4.19861442968596,0.910369483139912,1.00932120949382,130
0.910369483139912,1.26330504045027,0.556402692016664,130
1.00932120949382,0.556402692016664,1.84331106823888,130
3.75182801304768,0.802346300087038,0.878225594411195,131
0.802346300087038,1.20843660873518,0.552296277852078,131
0.878225594411195,0.552296277852078,1.83635757675035,131
3.692556353257,0.807753884179098,0.895915013141229,132
0.807753884179098,1.19832923192727,0.554590869769613,132
0.895915013141229,0.554590869769613,1.78808558697443,132
3.3227010677664,0.718906915234894,0.793242216951622,133
0.718906915234894,1.17062168718482,0.542917811350286,133
0.793242216951622,0.542917811350286,1.72589747948481,133
3.40567020399989,0.749337121246775,0.880704088471771,134
0.749337121246775,1.16912407714283,0.561930654483011,134
0.880704088471771,0.561930654483011,1.7409869643867,134
3.04122323946447,0.741014444798804,0.79837077190737,135
0.741014444798804,1.3992007690162,0.594505661020659,135
0.798370771907371,0.594505661020659,1.66250230078645,135
2.74284581016526,0.661954299320799,0.730861789708394,136
0.661954299320799,1.27746376660527,0.546548353324108,136
0.730861789708394,0.546548353324108,1.58994041550647,136
2.78558374299001,0.645109413584081,0.826404505674419,137
0.645109413584081,1.20105055724346,0.534667127780431,137
0.826404505674419,0.534667127780431,1.66694977268635,137
2.58001591884396,0.58727814168274,0.743062277357964,138
0.58727814168274,1.133443331604,0.501021525569855,138
0.743062277357964,0.501021525569855,1.58789352997256,138
2.71455273154054,0.745215978945067,0.760832001760807,139
0.745215978945068,1.38057241000486,0.558057414667519,139
0.760832001760807,0.558057414667519,1.53147482578099,139
2.46520033972515,0.662237045205191,0.681339526945242,140
0.662237045205191,1.26396989632154,0.515837469924782,140
0.681339526945242,0.515837469924782,1.47835272622206,140
2.72807188290649,0.640133602306568,0.569728975053893,141
0.640133602306568,1.17832233860225,0.476647072733971,141
0.569728975053893,0.476647072733971,1.44664932835321,141
2.88599123861199,0.723422486559308,0.507847195710658,142
0.723422486559308,1.24644019320696,0.438594854485275,142
0.507847195710658,0.438594854485275,1.39378592929939,142
2.9984128263128,0.653482330808691,0.415480105726044,143
0.65348233080869,1.18078944014623,0.432309009911578,143
0.415480105726044,0.432309009911578,1.37596276477737,143
2.6940215546252,0.602304775310936,0.405598564441383,144
0.602304775310936,1.16648541514095,0.387983898662614,144
0.405598564441383,0.387983898662614,1.35672786651373,144
2.61644581834086,0.606142976135737,0.462933876055293,145
0.606142976135737,1.15429676760098,0.408373813232696,145
0.462933876055293,0.408373813232696,1.34696517131713,145
3.11177553110215,0.749825964374388,0.527542518721822,146
0.749825964374388,1.23016337570314,0.424470072506768,146
0.527542518721822,0.424470072506768,1.29424438500053,146
2.88958574421922,0.670209588322112,0.480191568162981,147
0.670209588322112,1.16445375532813,0.409984960193477,147
0.480191568162981,0.409984960193478,1.2491431428468,147
2.82052514492089,0.630867733590796,0.51139255190489,148
0.630867733590796,1.10612957064521,0.393700968203478,148
0.51139255190489,0.393700968203477,1.21944138478856,148
3.55357295870897,0.599274776109364,0.579650360691924,149
0.599274776109364,1.07356785362226,0.373660879070618,149
0.579650360691924,0.373660879070618,1.17332731495047,149
3.16750378078392,0.561763395100615,0.535999617568243,150
0.561763395100615,1.04959742351915,0.359414698239764,150
0.535999617568243,0.359414698239764,1.12638346730446,150
2.99407229432821,0.738944175625428,0.583270536040787,151
0.738944175625428,1.63389848831031,0.578090628037594,151
0.583270536040787,0.578090628037594,1.18012816941028,151
2.69604580985166,0.908609533451079,0.537353327895635,152
0.908609533451079,6.77992371449598,0.835067196114467,152
0.537353327895635,0.835067196114467,1.13225830833417,152
2.47892692979512,0.781767628113832,0.507426617381883,153
0.781767628113832,5.35687039761919,0.721639860503461,153
0.507426617381883,0.721639860503461,1.09002211368376,153
3.13027334021151,0.859024858386736,0.772485822567108,154
0.859024858386736,4.33213024289694,0.695927960904344,154
0.772485822567108,0.695927960904344,1.19875219485808,154
2.83264146537043,0.757500151956899,0.716100551015046,155
0.757500151956899,3.46843919669768,0.629091969986637,155
0.716100551015046,0.629091969986637,1.1865692355439,155
4.10240034265785,1.08843714985067,1.02846489884171,156
1.08843714985067,3.30750556772722,0.703347533699024,156
1.02846489884171,0.703347533699024,1.24845141469589,156
3.62913856869618,0.941884314623028,0.917625526189177,157
0.941884314623028,2.75703941126258,0.638959508053816,157
0.917625526189177,0.638959508053816,1.2094335294004,157
5.04226506632538,1.00178177359042,1.39518436299015,158
1.00178177359042,2.29976213550229,0.606763294389187,158
1.39518436299015,0.606763294389187,1.43038451279655,158
5.89954392205633,1.42471375416422,1.61763316675242,159
1.42471375416422,2.7330399499626,0.793919570363559,159
1.61763316675242,0.793919570363559,1.51383229120427,159
5.13038935684106,1.20295025068657,1.41231628719987,160
1.20295025068657,2.29769685015668,0.684321686090129,160
1.41231628719987,0.684321686090129,1.48271216443305,160
4.5506117821252,1.0211968876083,1.23445088706503,161
1.0211968876083,1.95399866741393,0.614259977194985,161
1.23445088706503,0.614259977194985,1.41798236938676,161
5.4935839331685,1.77304626379324,1.67074096668774,162
1.77304626379324,3.16083890950211,1.14295862076181,162
1.67074096668774,1.14295862076182,1.74715964414035,162
8.22027270820561,1.97169391233648,2.1920536472226,163
1.97169391233648,2.70454537340889,1.07022213438896,163
2.1920536472226,1.07022213438896,1.83091804812772,163
7.0822804159766,1.68138001110573,1.90680692099177,164
1.68138001110574,2.41665131248554,0.975110923297268,164
1.90680692099177,0.975110923297268,1.75453563584757,164
7.35266763115546,1.91647147306512,1.91802878584048,165
1.91647147306512,2.6695712263036,1.04055712692228,165
1.91802878584048,1.04055712692228,1.73308048861494,165
6.56175100611842,1.79569821311898,1.65444428163418,166
1.79569821311898,4.06450716401941,1.22511321512116,166
1.65444428163418,1.22511321512116,1.66817793681512,166
8.65547629930161,1.53765205689123,1.76526282217318,167
1.53765205689124,3.40456652152309,1.04139851759738,167
1.76526282217318,1.04139851759738,1.5970713140391,167
8.2617520370653,1.27419324364866,1.61184359271563,168
1.27419324364866,3.04537867835037,0.920930834577065,168
1.61184359271563,0.920930834577065,1.52052182135487,168
8.00971493089535,1.18490210463579,1.4986979594092,169
1.18490210463579,2.5138258314257,0.802605387945289,169
1.4986979594092,0.802605387945288,1.45164562396819,169
7.0485323178796,1.01703462952581,1.34075938032732,170
1.01703462952581,2.22016751426224,0.701342379472184,170
1.34075938032732,0.701342379472184,1.39187993235533,170
6.65364710250483,1.2130504837005,1.13133664916066,171
1.2130504837005,2.55112850170484,0.602770534770193,171
1.13133664916066,0.602770534770193,1.36740373773199,171
9.28199810301797,2.48034395238534,2.20302757798806,172
2.48034395238534,3.95339185344934,1.36859487793635,172
2.20302757798806,1.36859487793635,2.03479093355818,172
8.66132021031331,2.4222104543552,2.04584084700601,173
2.4222104543552,3.86541119263991,1.31941866937445,173
2.04584084700601,1.31941866937445,1.95862122263783,173
7.44938383535352,1.98235937620615,1.80025263475833,174
1.98235937620615,3.18242743333609,1.0945966319293,174
1.80025263475833,1.0945966319293,2.00882559497837,174
7.86261741222173,2.09496093402045,1.88911104955318,175
2.09496093402045,3.0670494190649,1.1068661352728,175
1.88911104955318,1.1068661352728,2.00374117115552,175
7.20919089917625,1.73873069476584,1.54461111017805,176
1.73873069476584,2.9425949314701,1.17379605638518,176
1.54461111017805,1.17379605638518,2.1484526213277,176
6.22991792955879,1.44107352491293,1.36564631585063,177
1.44107352491293,2.42931262342625,1.00722283377183,177
1.36564631585063,1.00722283377183,2.03529178821505,177
5.86857626365446,1.45013543278123,1.35792328646277,178
1.45013543278123,2.41353278077497,1.02442658099105,178
1.35792328646277,1.02442658099105,2.01957268928503,178
6.58174628436016,1.61876303647894,1.49837122181878,179
1.61876303647894,2.35382398949612,1.0183360445819,179
1.49837122181878,1.0183360445819,1.98899239461481,179
5.74847254315469,1.35888895133694,1.32198430325399,180
1.35888895133694,1.9883799132939,0.883995574644397,180
1.32198430325399,0.883995574644397,1.88475933155455,180
5.00837743884631,1.14875577582231,1.18033979544404,181
1.14875577582231,1.72811693861301,0.765417483264942,181
1.18033979544404,0.765417483264942,1.84028217040063,181
4.61356353624424,1.03333112130942,1.08693519143428,182
1.03333112130942,1.54676408424676,0.693963620899462,182
1.08693519143428,0.693963620899462,1.75151724581119,182
5.69966994936174,0.898401746521635,1.20923835755191,183
0.898401746521635,1.44402554516101,0.614467457474341,183
1.20923835755191,0.614467457474341,1.68978023481976,183
4.97666994092132,0.846493863966671,1.07177530967544,184
0.846493863966671,1.46941475666098,0.577203726408769,184
1.07177530967544,0.577203726408769,1.60701425649059,184
4.61064450979541,0.762893830737612,0.990418492450918,185
0.762893830737612,1.32896934374358,0.528635876649687,185
0.990418492450918,0.528635876649686,1.5321996131126,185
4.08924348888254,0.761545654713706,0.919524604602221,186
0.761545654713706,1.4437222111745,0.59198115691561,186
0.919524604602221,0.59198115691561,1.52872175587518,186
5.04785506615946,1.1719686778103,1.13425672280326,187
1.1719686778103,1.79654692276422,0.719448036208186,187
1.13425672280326,0.719448036208186,1.5323952641188,187
6.07052236924224,1.34902381214286,1.42582760638183,188
1.34902381214286,1.76093745691004,0.759056641134307,188
1.42582760638183,0.759056641134308,1.60804145256037,188
6.9004080375778,1.38611951412211,1.31096167290028,189
1.38611951412211,1.61607939372224,0.674643789177815,189
1.31096167290028,0.674643789177815,1.53587698295247,189
5.99792388906434,1.19838844729612,1.16145245707847,190
1.19838844729612,1.45768923386972,0.610453120900853,190
1.16145245707847,0.610453120900854,1.46297037325137,190
5.55338972142508,1.14809454422727,1.05366440111085,191
1.14809454422727,1.42684879269027,0.570388007862136,191
1.05366440111085,0.570388007862136,1.39493646854575,191
6.58256100441358,1.29455124460209,1.29225298647657,192
1.29455124460209,1.41773532180392,0.598071227834178,192
1.29225298647657,0.598071227834178,1.42436256380157,192
5.80435664700195,1.11539805464189,1.13237873108154,193
1.11539805464189,1.31778395436967,0.55571485819768,193
1.13237873108154,0.55571485819768,1.36454666062635,193
5.99562186878349,1.39889931023474,1.29742864934154,194
1.39889931023474,1.70085768628752,0.747910638801699,194
1.29742864934154,0.747910638801699,1.46748899028177,194
5.23805636745286,1.2079536423625,1.12097888145393,195
1.2079536423625,1.53503429103888,0.643797412589442,195
1.12097888145393,0.643797412589442,1.46764504466176,195
4.97007026865306,1.16162916685526,1.03399636588803,196
1.16162916685526,1.48461281442457,0.602691203054295,196
1.03399636588803,0.602691203054296,1.40023860252687,196
4.86739549152805,1.43439421120523,1.09364305891068,197
1.43439421120523,2.09015392255876,0.809363200204621,197
1.09364305891069,0.809363200204621,1.44029296592884,197
4.26529627260038,1.20478251533266,0.972288568252916,198
1.20478251533266,1.8127425286452,0.706922129971548,198
0.972288568252916,0.706922129971548,1.37955906437764,198
4.7538827599927,1.18891099180512,1.14369213264618,199
1.18891099180512,1.6312446471395,0.674415937143342,199
1.14369213264618,0.674415937143342,1.42803955191221,199
4.30036682441239,1.01625518698266,1.09869940227899,200
1.01625518698266,1.52428388876365,0.562507473857056,200
1.09869940227899,0.562507473857056,1.49789924107676,200
4.16914383635485,0.890992915085713,1.03150384783079,201
0.890992915085713,1.38077782141465,0.512943663040981,201
1.03150384783079,0.512943663040981,1.43306464236691,201
3.88989559531901,0.797686065276101,1.05679379825737,202
0.797686065276101,1.26364711847947,0.471743645912976,202
1.05679379825737,0.471743645912976,1.56902302847937,202
3.74186638247259,0.668430067287447,0.946435374106201,203
0.668430067287447,1.90073116619743,0.548777562760457,203
0.946435374106201,0.548777562760458,1.4971680570163,203
3.38435761737319,0.616163265051227,0.841704090425622,204
0.616163265051227,1.65629813501241,0.498608096256725,204
0.841704090425622,0.498608096256725,1.43188071967093,204
3.5131094090055,0.811370451487328,0.839025607524418,205
0.811370451487327,1.90228001201878,0.542893629702947,205
0.839025607524418,0.542893629702947,1.37624982285153,205
3.13690497003278,0.711291200068055,0.756984831572297,206
0.711291200068055,1.65372939847353,0.494787882788513,206
0.756984831572297,0.494787882788513,1.31439044250744,206
3.07353035075568,0.633619145719123,0.706777860147047,207
0.633619145719123,1.47853947039102,0.457376349338482,207
0.706777860147047,0.457376349338482,1.25669181709255,207
2.78601398859694,0.578390241864595,0.629087626331006,208
0.578390241864595,1.53010807097221,0.483791103123659,208
0.629087626331006,0.483791103123659,1.22365768007368,208
2.5309763983193,0.581249218121217,0.572020257346801,209
0.581249218121217,1.61457628922958,0.449522081297887,209
0.572020257346801,0.449522081297887,1.17854313509998,209
2.65555381720856,0.675768742445938,0.545793173445465,210
0.675768742445938,1.64179901083653,0.433822463301514,210
0.545793173445465,0.433822463301514,1.13043153455597,210
2.50503135879684,0.638470045374321,0.547625867253133,211
0.638470045374321,1.49626531898909,0.426678989617307,211
0.547625867253133,0.426678989617307,1.1142192755771,211
2.77256577602337,0.751814218941448,0.635058382141447,212
0.751814218941448,1.53965391222241,0.469436511934878,212
0.635058382141447,0.469436511934878,1.11111825558662,212
3.12421703080548,0.308445567211224,0.774157294488545,213
0.308445567211224,4.69766575508124,0.184810412917851,213
0.774157294488545,0.184810412917851,1.15328245317777,213
2.94309831911596,0.29906507773163,0.672915450152207,214
0.29906507773163,3.89296832557486,0.242953849095905,214
0.672915450152207,0.242953849095905,1.12953609051282,214
2.83076459021396,0.27327780367349,0.601147822718637,215
0.27327780367349,3.3945126641328,0.284157226041541,215
0.601147822718637,0.284157226041541,1.09303533636629,215
2.64376229558142,0.276089502685687,0.553102658998472,216
0.276089502685687,2.82194076499869,0.290439212000483,216
0.553102658998472,0.290439212000483,1.05148996003261,216
2.47360130000326,0.28744069598352,0.564365373633192,217
0.28744069598352,2.3251844688575,0.275338129508047,217
0.564365373633192,0.275338129508047,1.09000489833919,217
2.35806175433937,0.3118679771005,0.424502870888789,218
0.3118679771005,1.97124532902352,0.24274151843309,218
0.424502870888789,0.242741518433089,1.2872155387721,218
3.19110959743434,0.448102928341331,0.537859140865162,219
0.448102928341331,1.76847238281989,0.267099080094581,219
0.537859140865162,0.267099080094581,1.24628082628131,219
2.86032537095164,0.424990779411096,0.518476748911033,220
0.424990779411096,1.54799850574088,0.271469893009612,220
0.518476748911034,0.271469893009612,1.29601350006477,220
3.52530659448236,0.601061462700488,0.528309710603371,221
0.601061462700488,1.54854989482857,0.279510307196671,221
0.528309710603371,0.279510307196671,1.23979833700292,221
3.1934219278863,0.543402797817158,0.494467004646328,222
0.543402797817158,1.4866740011239,0.293748908772782,222
0.494467004646328,0.293748908772782,1.18993831418383,222
2.9722477079578,0.51550904720269,0.521052073131017,223
0.51550904720269,1.34478873117306,0.297781067931798,223
0.521052073131017,0.297781067931798,1.19733874421283,223
3.97029016387654,0.598497954484844,0.601232068293393,224
0.598497954484844,1.25413125650519,0.299874212403641,224
0.601232068293393,0.299874212403641,1.15200917008083,224
3.52103977112004,0.56513865385342,0.56581889296996,225
0.56513865385342,1.20370475796132,0.310349200528235,225
0.56581889296996,0.310349200528235,1.11852356810205,225
3.15013672604346,0.524133673636865,0.536314033049137,226
0.524133673636865,1.17776833496565,0.294826370478253,226
0.536314033049137,0.294826370478253,1.08683380135569,226
2.83976353464539,0.490580350665827,0.516226873493532,227
0.490580350665827,1.11522852478584,0.288044023728642,227
0.516226873493532,0.288044023728642,1.07983571020315,227
2.56184470113297,0.547519300390093,0.476983732221208,228
0.547519300390093,1.72739728779041,0.203189975680481,228
0.476983732221208,0.203189975680481,1.09054695295223,228
2.92201041828451,0.71047621509306,0.524554094631739,229
0.71047621509306,1.78855224989429,0.251606852560017,229
0.524554094631739,0.251606852560017,1.0554792159086,229
2.66369542515249,0.628103516274236,0.508785798873815,230
0.628103516274236,1.63076572713928,0.234295927378346,230
0.508785798873815,0.234295927378346,1.04130733941103,230
2.80253186191913,0.689496944757405,0.578089647145123,231
0.689496944757405,1.58201657660124,0.287539429307488,231
0.578089647145123,0.287539429307488,1.04262364019379,231
2.55334497222126,0.636254583025324,0.554479528284378,232
0.636254583025324,1.4622574863467,0.313514429075286,232
0.554479528284378,0.313514429075286,1.05372049470539,232
2.32551339880338,0.587247460692616,0.510481381794194,233
0.587247460692616,1.48382162919895,0.328279518212413,233
0.510481381794194,0.328279518212413,1.01663344462096,233
2.18241499207778,0.57282644878164,0.482445940592108,234
0.57282644878164,1.42789886471671,0.327734420337681,234
0.482445940592108,0.327734420337681,0.980316669878238,234
2.02223960320266,0.523103705599891,0.453209749186524,235
0.523103705599891,1.39262024180341,0.318113142973499,235
0.453209749186524,0.318113142973499,0.946423957343495,235
2.14891968704742,0.538184460452646,0.446889080977789,236
0.538184460452646,1.30215935109438,0.310636489111093,236
0.446889080977789,0.310636489111093,0.914333836532207,236
2.58748122169583,0.824842774034864,0.59911074873714,237
0.824842774034864,1.69279208233826,0.45761721010872,237
0.59911074873714,0.45761721010872,0.954605065255227,237
2.36052500435713,0.735869850910322,0.55983544277717,238
0.735869850910322,1.53438834835883,0.443458858859903,238
