"AAPL.T+1","IBM.T+1","MCD.T+1","MatrixID"
2.53271421218832,0.559738946093628,0.244701252759531,1
0.559738946093628,1.32117473524751,0.37194588885108,1
0.244701252759531,0.37194588885108,0.72315019599279,1
2.32495990222236,0.536481090136483,0.24547907534911,2
0.536481090136483,1.27611844485167,0.351212273529169,2
0.24547907534911,0.351212273529169,0.706745916988791,2
2.13738260410747,0.508283847660504,0.235554953661314,3
0.508283847660504,1.22394422868613,0.313909976231147,3
0.235554953661314,0.313909976231147,0.71792340608887,3
2.36560941396041,0.585613150533874,0.279739120413684,4
0.585613150533874,1.23922053796951,0.322063914367636,4
0.279739120413684,0.322063914367636,0.705697973157562,4
2.68849630654259,0.646790498771855,0.429200957304911,5
0.646790498771854,1.21416171446975,0.351086093733648,5
0.429200957304911,0.351086093733648,0.765931489403396,5
2.43766228133119,0.600063314991215,0.405115781961518,6
0.600063314991215,1.25791987973303,0.322606837132368,6
0.405115781961518,0.322606837132368,0.756388661879403,6
2.45664693894095,0.666144011488793,0.452366300823471,7
0.666144011488793,1.34495689724641,0.373952425709774,7
0.452366300823471,0.373952425709774,0.775420810632646,7
2.26677782682882,0.673948651392648,0.433671481126597,8
0.673948651392648,1.50533658750458,0.413097873636213,8
0.433671481126597,0.413097873636213,0.768872587139755,8
2.08009957894985,0.606700545492795,0.401774567656847,9
0.606700545492795,1.38808175476238,0.397515049577021,9
0.401774567656847,0.397515049577021,0.762395600285762,9
2.06619132926427,0.53712974614334,0.354777422094655,10
0.53712974614334,1.33492970571849,0.394948339545063,10
0.354777422094655,0.394948339545063,0.757062120395209,10
2.55747426870817,0.633663296753501,0.558506833581368,11
0.633663296753501,1.30254297478116,0.428995556850808,11
0.558506833581368,0.428995556850808,0.854772955924049,11
2.34903112742901,0.626307902020101,0.515160478348722,12
0.626307902020101,1.37644051702672,0.424493053934042,12
0.515160478348722,0.424493053934042,0.829753308835405,12
2.26370114644476,0.584826874003106,0.534312209822891,13
0.584826874003105,1.26419427061341,0.403544128857761,13
0.534312209822891,0.403544128857761,0.870860798624442,13
2.12140923637404,0.748611478161121,0.510232591822262,14
0.748611478161121,2.26993481678694,0.556277539260065,14
0.510232591822262,0.556277539260065,0.86130820412789,14
2.64632401364809,0.670556101662032,0.511547694574042,15
0.670556101662032,1.94815132785105,0.499579574856221,15
0.511547694574042,0.499579574856221,0.834950809113676,15
2.55748598747548,0.589250448896904,0.51860546963893,16
0.589250448896904,1.73175129698645,0.437157201217193,16
0.518605469638931,0.437157201217193,0.834618956885261,16
2.3473134034206,0.531518360289228,0.490482854979832,17
0.531518360289228,1.55681581870015,0.390799827332491,17
0.490482854979832,0.390799827332491,0.82814946976344,17
2.20514965223242,0.484558681474043,0.46886987556168,18
0.484558681474043,1.4103413963529,0.359811424349889,18
0.46886987556168,0.359811424349889,0.811005294301604,18
2.04468825908025,0.451003790474346,0.439660180180649,19
0.451003790474345,1.39365918684617,0.338356218476765,19
0.439660180180649,0.338356218476765,0.791306612985088,19
1.89709378226829,0.432796031746803,0.412825946682853,20
0.432796031746803,1.30887596293687,0.335363277124378,20
0.412825946682853,0.335363277124378,0.778759765552399,20
1.8797228463799,0.500940084869485,0.430171998740186,21
0.500940084869485,1.43231924826353,0.387390156735663,21
0.430171998740186,0.387390156735663,0.786141624076838,21
1.78623694886245,0.462496420910852,0.420497331928394,22
0.462496420910852,1.30534122515829,0.355809846912131,22
0.420497331928394,0.355809846912131,0.788700119327935,22
2.0207742565746,0.651594941462055,0.470834468736325,23
0.651594941462055,1.59273790106366,0.423943757203581,23
0.470834468736325,0.423943757203581,0.786222017175251,23
1.90966590515567,0.616657740887057,0.412639049596934,24
0.616657740887057,1.49808507073687,0.36668230370437,24
0.412639049596934,0.36668230370437,0.800180030992293,24
1.88578667286523,0.539795200188538,0.391263929905901,25
0.539795200188538,1.6429653071783,0.371391910562819,25
0.391263929905901,0.371391910562819,0.778100686474144,25
1.94251752476245,0.495958550836003,0.387871879463943,26
0.495958550836003,1.46260180885399,0.346250922166104,26
0.387871879463943,0.346250922166104,0.758372188305983,26
1.81096663020708,0.459293249056343,0.352778912284589,27
0.459293249056343,1.32374284935998,0.328615627914734,27
0.352778912284589,0.328615627914734,0.800421400125542,27
1.6967153353024,0.693228260146504,0.336032008521191,28
0.693228260146504,12.7321873393785,0.115287657445713,28
0.336032008521191,0.115287657445713,0.793147890394619,28
1.64546248647861,0.628781610668556,0.357907451754759,29
0.628781610668556,9.6015022583559,0.159429543462447,29
0.357907451754759,0.159429543462447,0.829988119131648,29
1.56074298283952,0.564714903700933,0.344308747626584,30
0.564714903700933,7.29551735487544,0.184155102647088,30
0.344308747626584,0.184155102647088,0.815111771598583,30
1.49651917249119,0.508362167316266,0.323874405630946,31
0.508362167316266,5.61942325289736,0.202031115260238,31
0.323874405630946,0.202031115260238,0.798759985449488,31
1.45330901594019,0.493898236141058,0.260840555299857,32
0.493898236141058,4.64958162420407,0.123053409920574,32
0.260840555299857,0.123053409920574,1.0135461497283,32
1.93543356088,0.523389674060097,0.385378452041245,33
0.523389674060097,3.6910979530979,0.158272606787512,33
0.385378452041245,0.158272606787512,1.01842732415834,33
2.1882967410442,0.534263314972738,0.390970676298889,34
0.534263314972738,2.9983122212843,0.173978246155084,34
0.390970676298889,0.173978246155084,0.981284836668017,34
2.06269468734882,0.477401268861567,0.327721635370913,35
0.477401268861566,2.54707566747606,0.232248613461307,35
0.327721635370913,0.232248613461307,1.08540315168308,35
1.94026110665462,0.437996627794064,0.309938873498451,36
0.437996627794064,2.11933592235268,0.233656837496032,36
0.309938873498451,0.233656837496032,1.05582831194962,36
1.87457954056155,0.434117980217436,0.319691490979711,37
0.434117980217436,1.86681957170292,0.244573681036664,37
0.319691490979711,0.244573681036664,1.02215985942395,37
1.77409911314222,0.417785922025765,0.292549932772572,38
0.417785922025765,1.65784073650569,0.226358898829088,38
0.292549932772572,0.226358898829088,1.03282458109514,38
1.66625715768745,0.449370537552218,0.289936837775634,39
0.449370537552218,2.04025567963957,0.290861691836913,39
0.289936837775634,0.290861691836913,1.00157796128123,39
1.62354591482889,0.408951246920829,0.306796079790272,40
0.408951246920829,1.80874626039868,0.270557281042588,40
0.306796079790272,0.270557281042588,0.982187308492708,40
1.54042580044515,0.449562534866852,0.29902048563059,41
0.449562534866852,2.61302158258263,0.343574104753332,41
0.29902048563059,0.343574104753332,0.949356912312431,41
1.89793013424271,0.485157337148177,0.301454676840176,42
0.485157337148177,2.19916293724378,0.323932318513384,42
0.301454676840175,0.323932318513384,0.917625402854564,42
1.77275775452988,0.445406130904776,0.30286935938066,43
0.445406130904776,1.86340591112232,0.305987285981013,43
0.30286935938066,0.305987285981013,0.941124808514728,43
1.82837522487591,0.390701022196471,0.312483050105553,44
0.390701022196471,1.75626462289236,0.29782512518814,44
0.312483050105553,0.29782512518814,0.910103641794592,44
1.71310933015052,0.37133575102779,0.29944826776095,45
0.37133575102779,1.53940816004744,0.284522364009612,45
0.29944826776095,0.284522364009612,0.906086799365249,45
1.64184833133444,0.352305919163463,0.289331902815399,46
0.352305919163463,1.39400824946946,0.28093445312833,46
0.289331902815399,0.28093445312833,0.878692798370088,46
1.77703962061709,0.335959366866589,0.297472737463523,47
0.335959366866589,1.28681079459559,0.275018916529269,47
0.297472737463523,0.275018916529269,0.851193172419706,47
2.37900397743463,0.245338008042323,0.351891305629278,48
0.245338008042323,1.3591490666363,0.270150187247658,48
0.351891305629278,0.270150187247658,0.827958451199002,48
2.41050577953087,0.239445321338203,0.308523625024437,49
0.239445321338203,1.27996359508758,0.28019398886701,49
0.308523625024437,0.28019398886701,0.819152290933639,49
2.20246580158458,0.255920356484511,0.304112946273056,50
0.255920356484511,1.20323135742699,0.282049263039506,50
0.304112946273056,0.282049263039506,0.806622363186516,50
2.02649484548037,0.267451575993294,0.299052957675205,51
0.267451575993294,1.14091226834221,0.284066192850671,51
0.299052957675205,0.284066192850671,0.806849051236311,51
1.88119212069593,0.274706245583642,0.295531384954703,52
0.274706245583642,1.08779259025699,0.276829684037893,52
0.295531384954703,0.276829684037893,0.793795234419706,52
2.87829580886752,0.450517483900814,0.754187282479188,53
0.450517483900814,1.1216039212249,0.363621532686905,53
0.754187282479188,0.363621532686905,1.06042577245976,53
3.00020215897806,0.708970110568161,0.717238777758072,54
0.708970110568161,1.66667523439955,0.405480745023997,54
0.717238777758072,0.405480745023997,1.02051351119673,54
3.57185143010239,0.591403830386073,0.46873639465029,55
0.591403830386073,1.63646616641032,0.488450513075887,55
0.46873639465029,0.488450513075886,1.17981232326141,55
3.19659808762838,0.544234436130644,0.447571293970796,56
0.544234436130644,1.45380543928413,0.449970026457449,56
0.447571293970796,0.449970026457449,1.13328443863988,56
2.91703205880826,0.506691909609201,0.386294656711731,57
0.506691909609201,1.31686470837253,0.419045876122666,57
0.386294656711731,0.419045876122666,1.20625319937264,57
2.79878244332083,0.439737844957403,0.374072378074998,58
0.439737844957403,1.52011033993114,0.434501217590853,58
0.374072378074998,0.434501217590853,1.15708895013465,58
2.91895160060324,0.508962414648723,0.554857605892432,59
0.508962414648723,1.45444300097752,0.491293086139424,59
0.554857605892432,0.491293086139424,1.33347985667806,59
3.73860739896734,0.736707331891495,0.758309745175317,60
0.736707331891495,1.53117058886766,0.551450639870663,60
0.758309745175317,0.551450639870663,1.35959369841925,60
3.75923852779741,0.797041541251214,0.706825656190687,61
0.797041541251214,1.52809706494775,0.516751158902034,61
0.706825656190687,0.516751158902034,1.30005828399835,61
3.35183601854366,0.705185521076031,0.633404255805767,62
0.70518552107603,1.39274164766562,0.492220316088858,62
0.633404255805767,0.492220316088858,1.27950212197008,62
3.67465755119307,0.719247482389441,0.707945591498972,63
0.719247482389441,1.29098492605079,0.471706846141969,63
0.707945591498972,0.471706846141969,1.25619139682828,63
3.75615886950607,0.812634800783098,0.732763637277869,64
0.812634800783098,1.37091732798532,0.49445194068519,64
0.732763637277869,0.49445194068519,1.22328077280197,64
3.41918976700957,0.717065867498428,0.67855570648591,65
0.717065867498428,1.35789328623175,0.46076988602836,65
0.67855570648591,0.46076988602836,1.17454370095439,65
3.75660598742036,0.642411623670907,0.729155372642675,66
0.642411623670907,1.27932772188361,0.419166349358788,66
0.729155372642675,0.419166349358788,1.1444404886643,66
5.04027626262283,0.348895427967079,0.697715466224141,67
0.348895427967079,1.76611876781585,0.479031174654677,67
0.697715466224141,0.479031174654677,1.10265353919963,67
4.47101725157423,0.343778114532957,0.678876632548129,68
0.343778114532957,1.69592658340898,0.392157905024192,68
0.678876632548129,0.392157905024192,1.14067350884848,68
4.02137289974643,0.362699045988468,0.627028226864815,69
0.362699045988468,1.50312196626127,0.370031462738322,69
0.627028226864815,0.370031462738322,1.09514015316242,69
3.8575974805996,0.487347399522299,0.65046391350412,70
0.487347399522299,1.6021903668265,0.424992492214834,70
0.65046391350412,0.424992492214834,1.08544149988608,70
3.60473540151924,0.500918766434959,0.612347446043535,71
0.500918766434959,1.46537694187255,0.402605079662754,71
0.612347446043535,0.402605079662754,1.04453455023514,71
3.20797987315626,0.482349621665143,0.563507296213326,72
0.482349621665143,1.37548139950211,0.390410190931522,72
0.563507296213326,0.390410190931522,1.0094300391694,72
3.32155791884181,0.542981078236634,0.6088074946367,73
0.542981078236634,1.32222367644151,0.396094526833676,73
0.6088074946367,0.396094526833676,0.995981572636092,73
3.01661879582463,0.496921052584632,0.563587071686453,74
0.496921052584632,1.28477886041188,0.374088739743723,74
0.563587071686453,0.374088739743723,0.961561962726658,74
2.70996227771275,0.468857457031013,0.515988308583944,75
0.468857457031013,1.22478506839139,0.361269345712733,75
0.515988308583944,0.361269345712733,0.929413207068706,75
2.51536527807449,0.436713892326936,0.495783176304281,76
0.436713892326936,1.16775206497154,0.337109211607224,76
0.495783176304281,0.337109211607224,0.908266443110564,76
2.31255769895189,0.422351138626541,0.454084401657849,77
0.422351138626541,1.11148802374227,0.322502190079156,77
0.454084401657849,0.322502190079156,0.881277751741672,77
2.65755128104374,0.658666389548042,0.465514459926803,78
0.658666389548042,1.41537253736596,0.352091741072817,78
0.465514459926803,0.352091741072817,0.854233744254533,78
2.60754379936577,0.564409142179485,0.447942222283217,79
0.564409142179485,1.52225435156613,0.34806147777651,79
0.447942222283217,0.34806147777651,0.828565990286584,79
3.16586976990065,0.548203112056605,0.521972029740723,80
0.548203112056605,1.3689907577624,0.325613672254301,80
0.521972029740723,0.325613672254301,0.814927145634472,80
3.16535185080117,0.740406813130114,0.432032883855343,81
0.740406813130114,1.76397097086377,0.264778932156846,81
0.432032883855343,0.264778932156846,0.819292402233105,81
2.83422278873481,0.658085047722856,0.40609961702594,82
0.658085047722856,1.56138097718888,0.274448900766709,82
0.40609961702594,0.274448900766709,0.833492213125125,82
2.55763642568486,0.590266103056799,0.38784244343852,83
0.590266103056799,1.39778534545306,0.262112767998898,83
0.38784244343852,0.262112767998898,0.847987358044037,83
2.55474409228017,0.496898233433318,0.323184577505554,84
0.496898233433318,1.57542430088222,0.336861433852026,84
0.323184577505554,0.336861433852026,0.852590327893063,84
2.3226392582008,0.466665637788406,0.312523721654455,85
0.466665637788406,1.43778125991477,0.312047264982184,85
0.312523721654455,0.312047264982184,0.836029744207883,85
2.54912277132264,0.402155165516351,0.310236536512571,86
0.402155165516351,1.38924393216423,0.310611602560719,86
0.310236536512571,0.310611602560719,0.812075577077837,86
2.33014197517851,0.383445320987705,0.280865526996075,87
0.383445320987705,1.28950471827295,0.321237567690904,87
0.280865526996075,0.321237567690904,0.866393110638918,87
2.54984175773724,0.481056376091586,0.337471626158851,88
0.481056376091586,1.30150340413062,0.336915310941191,88
0.337471626158851,0.336915310941191,0.849603305057521,88
2.82760488001604,0.587900130433316,0.395744080120708,89
0.587900130433316,1.32793387612447,0.353740129767178,89
0.395744080120708,0.353740129767178,0.834503775099217,89
2.68904968184263,0.577938740432863,0.419745311178131,90
0.577938740432863,1.26411579411912,0.357513122375706,90
0.419745311178131,0.357513122375706,0.837007536368695,90
2.63610037910621,0.627822416535442,0.376121733599565,91
0.627822416535442,1.32574462778547,0.328504219235092,91
0.376121733599565,0.328504219235092,0.822087661266951,91
2.42884708369192,0.584627261872416,0.370282758431714,92
0.584627261872416,1.24309964255657,0.32238449026205,92
0.370282758431714,0.32238449026205,0.805171738065731,92
2.37992379395284,0.397890277050115,0.41999058229451,93
0.397890277050115,4.58352633876718,0.0715360274117797,93
0.41999058229451,0.0715360274117797,0.834832030489072,93
2.17834151064756,0.401550872241165,0.396882856802148,94
0.401550872241165,3.82572113989054,0.126071048513669,94
0.396882856802148,0.126071048513669,0.815470696827535,94
2.02404986282074,0.410827373427471,0.383092006954431,95
0.410827373427471,3.25273466510669,0.172583232632425,95
0.383092006954431,0.172583232632425,0.800979913894852,95
6.2144609317742,0.90626585264143,1.44087464734778,96
0.90626585264143,2.88206584149538,0.312446734702863,96
1.44087464734778,0.312446734702863,1.06934382052288,96
5.98602233901529,0.792741691126098,1.4017255303864,97
0.792741691126098,2.42054597516926,0.280600797493727,97
1.4017255303864,0.280600797493727,1.08438416674708,97
5.20831914744598,0.726026767707806,1.23153923168186,98
0.726026767707806,2.26313761872686,0.276437588112545,98
1.23153923168186,0.276437588112545,1.04451285877648,98
4.58098595462051,0.690588294521564,1.10740491539799,99
0.690588294521564,2.08778404330269,0.324492870386399,99
1.10740491539799,0.324492870386399,1.05765924183574,99
4.35466572487,0.620820327064884,1.04383961712291,100
0.620820327064884,1.79754812313969,0.30353968022658,100
1.04383961712291,0.30353968022658,1.0340779164647,100
3.8516654778087,0.574580548011526,0.927853078379139,101
0.574580548011526,1.59388128119881,0.298532346360523,101
0.92785307837914,0.298532346360523,0.998474221535408,101
3.4421073901791,0.528107748457143,0.828431116326973,102
0.528107748457143,1.41981897905936,0.288834820736972,102
0.828431116326973,0.288834820736972,0.963283352347862,102
3.35033399609835,0.496295940684239,0.763434831276048,103
0.496295940684239,1.29520310084311,0.281570745352871,103
0.763434831276048,0.281570745352871,0.929955186618341,103
3.03613097796684,0.485262669312946,0.683759871232345,104
0.485262669312946,1.23475768367504,0.276056433179864,104
0.683759871232345,0.276056433179864,0.899515933769982,104
3.36150468043654,0.959081435105853,0.773511514343076,105
0.959081435105853,2.29064677299828,0.507149939779269,105
0.773511514343076,0.507149939779269,0.922275013777412,105
3.47276731129344,0.913282150869655,0.782518613227404,106
0.913282150869655,1.97618891038787,0.473770663807957,106
0.782518613227404,0.473770663807957,0.910025690848679,106
3.09220150507076,0.858193374170748,0.698092953200037,107
0.858193374170748,2.12940434014588,0.517418076390439,107
0.698092953200037,0.517418076390439,0.900083619224904,107
3.23172412863149,0.770242407220831,0.668945692247043,108
0.770242407220831,1.81554220208726,0.463757058651643,108
0.668945692247043,0.463757058651643,0.871524344773764,108
2.89755199398175,0.689975025012906,0.60700368787866,109
0.689975025012906,1.62264295687371,0.432319962340163,109
0.60700368787866,0.432319962340163,0.848428744859276,109
3.13090726801494,1.12414948979796,0.663977816092789,110
1.12414948979796,2.6969320284437,0.618116093012389,110
0.663977816092789,0.618116093012389,0.852175140902306,110
2.92123081385226,0.980678499435336,0.613740321094185,111
0.980678499435336,2.25769008463176,0.547786408143894,111
0.613740321094185,0.547786408143894,0.827616763764204,111
3.00251746652874,0.898007328045965,0.51912918171525,112
0.898007328045965,1.92075489681113,0.477684526008961,112
0.51912918171525,0.477684526008961,0.825388699381421,112
3.45548365117319,1.03354612721679,0.732718338484742,113
1.03354612721679,1.92019695580886,0.558302811139698,113
0.732718338484742,0.558302811139698,0.945212354237149,113
3.30562899498903,0.901646252910567,0.613990486502697,114
0.901646252910566,1.65973874486833,0.503329646585925,114
0.613990486502697,0.503329646585925,0.9616882910432,114
3.08288299191446,0.931342549691121,0.638075545906126,115
0.931342549691121,1.82973617875273,0.604194485739298,115
0.638075545906126,0.604194485739298,1.03552364517947,115
2.76485096734611,0.840070922351506,0.582329009858371,116
0.840070922351506,1.80427424653464,0.653918446363461,116
0.582329009858371,0.653918446363461,1.13131191888932,116
2.66843297103899,0.807093575209013,0.649000762970469,117
0.807093575209013,1.67908309282735,0.666804508603646,117
0.649000762970469,0.666804508603647,1.25386535695805,117
2.77488360688735,0.959905768085253,0.650948860216858,118
0.959905768085253,1.95318528067276,0.69024791745843,118
0.650948860216858,0.690247917458429,1.20917565554827,118
2.51757044353183,0.857424539875541,0.619559564130057,119
0.857424539875541,1.99098256177145,0.556980652222366,119
0.619559564130057,0.556980652222366,1.27991429227014,119
2.68730668026368,0.747266428957627,0.625179728355534,120
0.747266428957627,1.74321334295548,0.500399521126576,120
0.625179728355534,0.500399521126576,1.23059300068983,120
3.07471219545431,0.751466861859783,1.10347927865546,121
0.751466861859783,1.55164729410411,0.544175838848226,121
1.10347927865546,0.544175838848226,2.08056069763567,121
2.92991083642441,0.695270009418076,1.03317117665063,122
0.695270009418076,1.40023317814978,0.512392113867733,122
1.03317117665063,0.512392113867733,1.98968382898119,122
3.71916208031025,0.74861456498878,1.00840486332656,123
0.74861456498878,1.29730589710663,0.479327969482904,123
1.00840486332656,0.479327969482904,1.88700721457128,123
4.13370599891794,0.938171773412553,0.997748843081879,124
0.938171773412553,1.45910183834011,0.494790837458269,124
0.997748843081879,0.494790837458269,1.79249280708225,124
4.29925499990626,0.898787966531341,0.796579564837966,125
0.898787966531341,1.3326902485897,0.448715917468705,125
0.796579564837965,0.448715917468705,1.86145950581124,125
4.58430658337516,0.849273708891483,0.809596105579012,126
0.849273708891483,1.22805174080115,0.42665978848137,126
0.809596105579012,0.42665978848137,1.7707413211714,126
4.79659689961258,0.98980406259742,1.03519865550733,127
0.98980406259742,1.35873501059741,0.564546879751176,127
1.03519865550733,0.564546879751176,1.94733333285466,127
4.93966264417156,1.05525656176794,1.18545298222384,128
1.05525656176794,1.3838304702728,0.630466972096725,128
1.18545298222384,0.630466972096725,2.03661530748674,128
4.34917592082993,0.94735009297949,1.05554924046288,129
0.947350092979489,1.32281988571333,0.581344548284338,129
1.05554924046288,0.581344548284338,1.93328602047296,129
4.19861442968596,0.910383140036192,1.00949296398317,130
0.910383140036192,1.26330504045027,0.556369501165698,130
1.00949296398317,0.556369501165698,1.84421556182385,130
3.75182801304768,0.802404403736686,0.878528121977072,131
0.802404403736687,1.20843660873518,0.552306569239563,131
0.878528121977072,0.552306569239563,1.83752095304179,131
3.692556353257,0.807797766837507,0.896192235649798,132
0.807797766837507,1.19832923192727,0.55462749390744,132
0.896192235649798,0.55462749390744,1.78948307369914,132
3.3227010677664,0.718987031278307,0.793614937516808,133
0.718987031278307,1.17062168718482,0.543016097510683,133
0.793614937516807,0.543016097510683,1.72759586206937,133
3.40567020399989,0.749392795759484,0.88096156517946,134
0.749392795759484,1.16912407714283,0.562020943963224,134
0.88096156517946,0.562020943963224,1.74269168915323,134
3.04122323946447,0.741098889979782,0.798710810444361,135
0.741098889979782,1.3992007690162,0.594635741775786,135
0.798710810444361,0.594635741775786,1.66445798882649,135
2.74284581016526,0.662036640578864,0.731253671265406,136
0.662036640578864,1.27746376660527,0.546737979741166,136
0.731253671265406,0.546737979741167,1.59209041347919,136
2.78558374299001,0.64518519965059,0.826656477908129,137
0.645185199650591,1.20105055724346,0.534852249797942,137
0.826656477908129,0.534852249797942,1.66888420901579,137
2.58001591884396,0.587358746032558,0.743432036390844,138
0.587358746032558,1.13344333160401,0.501250513171591,138
0.743432036390844,0.501250513171591,1.5900464396729,138
2.71455273154054,0.745225274826078,0.761269117681729,139
0.745225274826078,1.38057241000486,0.558344338500831,139
0.761269117681729,0.558344338500831,1.53379250915055,139
2.46520033972515,0.662267613185062,0.681833431231527,140
0.662267613185062,1.26396989632154,0.516148393128513,140
0.681833431231527,0.516148393128513,1.48074654033298,140
2.72807188290649,0.640195032922011,0.570341491463386,141
0.640195032922011,1.17832233860225,0.476976649384608,141
0.570341491463386,0.476976649384607,1.44911126980297,141
2.88599123861199,0.723443746760684,0.508562191614217,142
0.723443746760684,1.24644019320696,0.439004905970277,142
0.508562191614217,0.439004905970277,1.39628903352825,142
2.9984128263128,0.653561766142641,0.416295140540786,143
0.653561766142641,1.18078944014623,0.432682911171918,143
0.416295140540786,0.432682911171918,1.37839468368284,143
2.6940215546252,0.602385384287221,0.40630726336439,144
0.602385384287221,1.16648541514095,0.388396939818913,144
0.40630726336439,0.388396939818913,1.35909167462421,144
2.61644581834086,0.606200605224578,0.463539288508086,145
0.606200605224578,1.15429676760098,0.408750832149717,145
0.463539288508086,0.408750832149717,1.34931755056993,145
3.11177553110215,0.74982881808007,0.52817341478164,146
0.74982881808007,1.23016337570314,0.42485976335268,146
0.52817341478164,0.42485976335268,1.29664878958712,146
2.88958574421922,0.670247373297637,0.480785146079104,147
0.670247373297637,1.16445375532813,0.410361644668482,147
0.480785146079104,0.410361644668482,1.25156586494758,147
2.82052514492089,0.630917456198773,0.511882223006797,148
0.630917456198773,1.10612957064521,0.394059040919829,148
0.511882223006796,0.394059040919829,1.22178611215483,148
3.55357295870897,0.599404184617674,0.580207610565631,149
0.599404184617674,1.07356785362227,0.374008829457699,149
0.580207610565631,0.374008829457699,1.17566518331817,149
3.16750378078393,0.56186739261413,0.536529530210812,150
0.56186739261413,1.04959742351915,0.359761375683905,150
0.536529530210812,0.359761375683905,1.12868253619574,150
2.99407229432821,0.738995903317036,0.583660375518659,151
0.738995903317036,1.63389848831031,0.57826160501742,151
0.583660375518659,0.57826160501742,1.18210979521185,151
2.69604580985166,0.908922133095475,0.537742967667105,152
0.908922133095475,6.77992371449598,0.835313476974919,152
0.537742967667105,0.835313476974919,1.13423138473318,152
2.47892692979512,0.781994986597031,0.507811013042561,153
0.781994986597031,5.35687039761919,0.721884660037067,153
0.507811013042561,0.721884660037067,1.09197326953637,153
3.13027334021151,0.859164046530019,0.77269553118317,154
0.859164046530019,4.33213024289694,0.696095657808633,154
0.77269553118317,0.696095657808633,1.20040825935187,154
2.83264146537043,0.757576790229693,0.716320785831634,155
0.757576790229693,3.46843919669768,0.629238090936158,155
0.716320785831634,0.629238090936158,1.18813853133414,155
4.10240034265785,1.08834511124162,1.02861883484211,156
1.08834511124162,3.30750556772722,0.703422484433158,156
1.02861883484211,0.703422484433158,1.24987387553257,156
3.62913856869618,0.941804228476727,0.917857542581154,157
0.941804228476727,2.75703941126258,0.639066855210111,157
0.917857542581154,0.639066855210111,1.21091593078638,157
5.04226506632538,1.00171109710475,1.39497178460686,158
1.00171109710475,2.29976213550229,0.606782194495217,158
1.39497178460686,0.606782194495217,1.43123990209387,158
5.89954392205633,1.4244370594105,1.61743411992174,159
1.4244370594105,2.7330399499626,0.793869790775451,159
1.61743411992174,0.793869790775451,1.51463552813778,159
5.13038935684106,1.20275699896557,1.41232649617914,160
1.20275699896557,2.29769685015668,0.684350030723557,160
1.41232649617914,0.684350030723557,1.48370504261272,160
4.5506117821252,1.02107422882135,1.234639415873,161
1.02107422882135,1.95399866741393,0.614350485821037,161
1.234639415873,0.614350485821037,1.41918882724367,161
5.4935839331685,1.77262429332521,1.67043913040517,162
1.77262429332521,3.16083890950211,1.14255665522006,162
1.67043913040517,1.14255665522006,1.74757819190513,162
8.22027270820561,1.971342771288,2.19183225157491,163
1.971342771288,2.70454537340889,1.0699183495814,163
2.19183225157491,1.0699183495814,1.83142510073964,163
7.0822804159766,1.68116889700988,1.90692314315558,164
1.68116889700988,2.41665131248554,0.974966440024849,164
1.90692314315558,0.974966440024849,1.75539500981052,164
7.35266763115546,1.91619435906643,1.91836113677581,165
1.91619435906643,2.6695712263036,1.04052583457696,165
1.91836113677581,1.04052583457696,1.73419618402601,165
6.56175100611842,1.79584834223871,1.6550171843372,166
1.79584834223871,4.06450716401941,1.2253128333628,166
1.6550171843372,1.2253128333628,1.66959750728378,166
8.65547629930161,1.5381012776233,1.76619244635665,167
1.5381012776233,3.40456652152309,1.04172081288908,167
1.76619244635665,1.04172081288908,1.59875762000409,167
8.2617520370653,1.27468987679441,1.61295372626513,168
1.27468987679441,3.04537867835037,0.92132951103534,168
1.61295372626513,0.92132951103534,1.5224301376199,168
8.00971493089535,1.18524031072207,1.49983628961455,169
1.18524031072207,2.5138258314257,0.80302853948085,169
1.49983628961455,0.80302853948085,1.45370339628582,169
7.04853231787961,1.01731915333004,1.34191111669645,170
1.01731915333004,2.22016751426224,0.701796231590183,170
1.34191111669645,0.701796231590184,1.39406031743355,170
6.65364710250483,1.2131398746529,1.13255510126945,171
1.2131398746529,2.55112850170484,0.603353951110771,171
1.13255510126945,0.603353951110771,1.36962313760732,171
9.28199810301797,2.47984017538251,2.20314207041314,172
2.47984017538251,3.95339185344934,1.36844852121717,172
2.20314207041314,1.36844852121717,2.03568506816105,172
8.66132021031331,2.42176597422615,2.0462819654824,173
2.42176597422615,3.86541119263991,1.3195000154906,173
2.0462819654824,1.3195000154906,1.95996500243558,173
7.44938383535352,1.98210038828646,1.80080049624066,174
1.98210038828646,3.18242743333609,1.09480987657392,174
1.80080049624066,1.09480987657392,2.01019025075299,174
7.86261741222173,2.09466932368166,1.88967512838022,175
2.09466932368166,3.0670494190649,1.10708098495585,175
1.88967512838022,1.10708098495585,2.00527309654565,175
7.20919089917626,1.73873740985469,1.54540102932148,176
1.73873740985469,2.9425949314701,1.1739011064111,176
1.54540102932148,1.1739011064111,2.14978649309868,176
6.22991792955879,1.44111983801749,1.3665449331406,177
1.44111983801749,2.42931262342625,1.0074849805813,177
1.3665449331406,1.0074849805813,2.03713850486131,177
5.86857626365446,1.45012944148524,1.35875339500028,178
1.45012944148524,2.41353278077497,1.02469984629608,178
1.35875339500028,1.02469984629608,2.02158759056148,178
6.58174628436016,1.61867363669357,1.4991525810186,179
1.61867363669357,2.35382398949612,1.01863835542892,179
1.4991525810186,1.01863835542892,1.99119528060958,179
5.74847254315469,1.35887025221865,1.3228948413629,180
1.35887025221865,1.9883799132939,0.884411262016627,180
1.3228948413629,0.884411262016626,1.88733101319537,180
5.00837743884631,1.14879077085317,1.18128524238309,181
1.14879077085317,1.72811693861301,0.765897769294387,181
1.18128524238309,0.765897769294387,1.8430797926898,181
4.61356353624424,1.03338096072023,1.08789533366752,182
1.03338096072023,1.54676408424676,0.694474982719561,182
1.08789533366752,0.694474982719561,1.75454948317183,182
5.69966994936173,0.898658323515585,1.21033062415251,183
0.898658323515585,1.44402554516101,0.615022639788449,183
1.21033062415251,0.615022639788449,1.69298650368521,183
4.97666994092131,0.846705722061812,1.07287333545086,184
0.846705722061812,1.46941475666098,0.577787130055167,184
1.07287333545086,0.577787130055167,1.61038288822523,184
4.61064450979541,0.763075228308554,0.991485619601189,185
0.763075228308554,1.32896934374358,0.529215474211189,185
0.991485619601189,0.529215474211189,1.53565875523656,185
4.08924348888254,0.761685555245614,0.920530984158181,186
0.761685555245614,1.4437222111745,0.592533590251552,186
0.920530984158181,0.592533590251552,1.53214639633133,186
5.04785506615946,1.1719073675702,1.13523123668307,187
1.1719073675702,1.79654692276422,0.720000605189004,187
1.13523123668307,0.720000605189003,1.53577371561757,187
6.07052236924224,1.34891676081316,1.42669711899791,188
1.34891676081316,1.76093745691004,0.759554150663604,188
1.42669711899791,0.759554150663604,1.61124475652942,188
6.9004080375778,1.38603586569988,1.31215973914078,189
1.38603586569988,1.61607939372224,0.675206772880859,189
1.31215973914078,0.675206772880859,1.53917317431187,189
5.99792388906434,1.19836560076108,1.16263413839752,190
1.19836560076108,1.45768923386972,0.611020355166346,190
1.16263413839752,0.611020355166346,1.46634198352179,190
5.55338972142508,1.14808412459653,1.05481906239561,191
1.14808412459653,1.42684879269027,0.570960560698845,191
1.05481906239561,0.570960560698845,1.39834564878375,191
6.58256100441358,1.29451478347796,1.29332262500646,192
1.29451478347796,1.41773532180392,0.598599878995096,192
1.29332262500646,0.598599878995096,1.42763210368151,192
5.80435664700195,1.11543779240412,1.13345451449884,193
1.11543779240412,1.31778395436967,0.556253762501155,193
1.13345451449884,0.556253762501155,1.36784419132322,193
5.99562186878349,1.39885708497261,1.29822312960193,194
1.39885708497261,1.70085768628752,0.748292598311043,194
1.29822312960193,0.748292598311043,1.47035886784582,194
5.23805636745286,1.20797044378565,1.12181075730291,195
1.20797044378565,1.53503429103888,0.644231104039727,195
1.12181075730291,0.644231104039727,1.47039609400917,195
4.97007026865306,1.16165640793959,1.03483854963937,196
1.16165640793959,1.48461281442457,0.603139564318268,196
1.03483854963937,0.603139564318268,1.40306484251917,196
4.86739549152805,1.43437529939442,1.09432517139263,197
1.43437529939442,2.09015392255876,0.80971140509058,197
1.09432517139263,0.80971140509058,1.4428849279095,197
4.26529627260038,1.20482957806843,0.97300413441188,198
1.20482957806843,1.8127425286452,0.707309883178144,198
0.97300413441188,0.707309883178144,1.38223316633586,198
4.7538827599927,1.1889867640568,1.14433989972976,199
1.1889867640568,1.6312446471395,0.674777493209771,199
1.14433989972976,0.674777493209771,1.43058401190419,199
4.30036682441239,1.01640147956766,1.0992535837411,200
1.01640147956766,1.52428388876365,0.562923890140031,200
1.0992535837411,0.562923890140031,1.50016632764806,200
4.16914383635485,0.891179405156484,1.03216534846969,201
0.891179405156484,1.38077782141465,0.513359413477831,201
1.03216534846969,0.513359413477831,1.43546413731293,201
3.88989559531901,0.797867835089381,1.05728219538342,202
0.797867835089381,1.26364711847947,0.472114830730416,202
1.05728219538342,0.472114830730416,1.5710013237524,202
3.74186638247259,0.668854150584044,0.947003485422586,203
0.668854150584044,1.90073116619743,0.54927823079932,203
0.947003485422586,0.54927823079932,1.49933459549141,203
3.38435761737319,0.616467255569882,0.842306603783544,204
0.616467255569882,1.65629813501241,0.499077401410622,204
0.842306603783544,0.499077401410622,1.43418668014548,204
3.5131094090055,0.811518844379935,0.83961314953215,205
0.811518844379935,1.90228001201878,0.54333104092755,205
0.83961314953215,0.54333104092755,1.37861175635651,205
3.13690497003278,0.711410180720715,0.757579243597313,206
0.711410180720715,1.65372939847353,0.495211059974716,206
0.757579243597314,0.495211059974716,1.31681515762239,206
3.07353035075568,0.633744317667247,0.707426290887795,207
0.633744317667247,1.47853947039102,0.45777602824296,207
0.707426290887795,0.45777602824296,1.25914891904692,207
2.78601398859694,0.578523895800908,0.629716301237004,208
0.578523895800908,1.53010807097221,0.484184406053351,208
0.629716301237004,0.484184406053351,1.22609807850878,208
2.5309763983193,0.581343625208478,0.572632656472443,209
0.581343625208478,1.61457628922958,0.449979458885566,209
0.572632656472443,0.449979458885566,1.18094199331116,209
2.65555381720856,0.675781959908233,0.546376789086406,210
0.675781959908233,1.64179901083653,0.434249719446191,210
0.546376789086406,0.434249719446191,1.13280009763306,210
2.50503135879684,0.638471350904026,0.548120929056376,211
0.638471350904026,1.49626531898909,0.427041011845607,211
0.548120929056376,0.427041011845607,1.11644209417852,211
2.77256577602337,0.751757304242397,0.63551454109648,212
0.751757304242397,1.53965391222241,0.469761739187658,212
0.63551454109648,0.469761739187658,1.11323955150654,212
3.12421703080548,0.30908288469361,0.774442020835043,213
0.30908288469361,4.69766575508124,0.185823537297217,213
0.774442020835043,0.185823537297217,1.15512186118171,213
2.94309831911596,0.29951254225834,0.67324190776738,214
0.29951254225834,3.89296832557486,0.243749931660395,214
0.67324190776738,0.243749931660395,1.13134816999006,214
2.83076459021396,0.273606810799207,0.601492474070597,215
0.273606810799207,3.3945126641328,0.284806412017667,215
0.601492474070598,0.284806412017667,1.09483038234,215
2.64376229558143,0.276286978099093,0.553471910285598,216
0.276286978099093,2.82194076499869,0.290941828818588,216
0.553471910285598,0.290941828818588,1.05324564408386,216
2.47360130000326,0.28752820521944,0.564673285673808,217
0.28752820521944,2.3251844688575,0.275733053300178,217
0.564673285673808,0.275733053300178,1.09159566080335,217
2.35806175433937,0.311865565580104,0.424883788337655,218
0.311865565580104,1.97124532902352,0.243066138610699,218
0.424883788337655,0.243066138610699,1.28818809222999,218
3.19110959743435,0.447986504048281,0.538162375333572,219
0.447986504048281,1.76847238281989,0.267337306006143,219
0.538162375333572,0.267337306006143,1.2473175288238,219
2.86032537095165,0.424858573782111,0.518720327886444,220
0.424858573782111,1.54799850574088,0.271641817080081,220
0.518720327886444,0.271641817080081,1.29686713775653,220
3.52530659448236,0.600810361127879,0.528550408172064,221
0.600810361127879,1.54854989482856,0.279646142335785,221
0.528550408172064,0.279646142335785,1.24078487221391,221
3.1934219278863,0.543206178617581,0.494716643615622,222
0.543206178617581,1.4866740011239,0.293844343067771,222
0.494716643615621,0.293844343067771,1.19100388038473,222
2.9722477079578,0.515326689790579,0.521255158462183,223
0.515326689790579,1.34478873117306,0.297849641036978,223
0.521255158462183,0.297849641036979,1.19839196781434,223
3.97029016387654,0.59829966796095,0.601386284792554,224
0.59829966796095,1.25413125650519,0.299926367925734,224
0.601386284792554,0.299926367925734,1.15311050222726,224
3.52103977112004,0.56496077882155,0.565978468422694,225
0.56496077882155,1.20370475796132,0.310397347574664,225
0.565978468422694,0.310397347574663,1.11966193204974,225
3.15013672604346,0.523988206403589,0.536475331972956,226
0.523988206403589,1.17776833496565,0.294879510509212,226
0.536475331972956,0.294879510509212,1.08799117694841,226
2.83976353464539,0.49045183942526,0.516375750819001,227
0.49045183942526,1.11522852478584,0.288092315173008,227
0.516375750819001,0.288092315173008,1.08096129056608,227
2.56184470113297,0.547421741332323,0.477133798308012,228
0.547421741332323,1.72739728779041,0.203443002455832,228
0.477133798308012,0.203443002455832,1.09152735816996,228
2.92201041828451,0.710284289990599,0.524644286428511,229
0.710284289990599,1.78855224989428,0.25176091880611,229
0.52464428642851,0.25176091880611,1.05645162995138,229
2.66369542515249,0.627966472573257,0.508874034168405,230
0.627966472573257,1.63076572713928,0.234417541179052,230
0.508874034168405,0.234417541179052,1.04226055165553,230
2.80253186191913,0.689330083784462,0.5780789552017,231
0.689330083784461,1.58201657660124,0.287565416116545,231
0.5780789552017,0.287565416116545,1.04345573691149,231
2.55334497222126,0.636118553803199,0.554462790133209,232
0.636118553803199,1.4622574863467,0.313484441626662,232
0.554462790133209,0.313484441626662,1.05441519846296,232
2.32551339880338,0.587158104612587,0.510503455379837,233
0.587158104612587,1.48382162919895,0.328223337762479,233
0.510503455379837,0.328223337762479,1.01733790369572,233
2.18241499207778,0.57273975464883,0.482472847649138,234
0.57273975464883,1.42789886471671,0.327667097009036,234
0.482472847649138,0.327667097009035,0.981020282998113,234
2.02223960320266,0.52305306051245,0.453256543035556,235
0.52305306051245,1.39262024180341,0.318044251090685,235
0.453256543035556,0.318044251090685,0.94711934712961,235
2.14891968704742,0.53812653647725,0.446984731675384,236
0.53812653647725,1.30215935109438,0.310582272773515,236
0.446984731675384,0.310582272773515,0.915003798143427,236
2.58748122169583,0.824664140646327,0.599110410318018,237
0.824664140646327,1.69279208233826,0.457479596178814,237
0.599110410318018,0.457479596178814,0.955132513824741,237
2.36052500435713,0.735747857757014,0.559845352723393,238
0.735747857757014,1.53438834835883,0.443336161300418,238
