"AAPL.T+1","IBM.T+1","MCD.T+1","MatrixID"
2.53271421218832,0.559838145347286,0.245220106769252,1
0.559838145347286,1.32117473524751,0.372378532664773,1
0.245220106769252,0.372378532664773,0.724572704529579,1
2.32495990222236,0.536573384863266,0.246037790838127,2
0.536573384863266,1.27611844485167,0.351666029442327,2
0.246037790838127,0.351666029442327,0.708264199458693,2
2.13738260410747,0.50836523781436,0.236129799864067,3
0.50836523781436,1.22394422868613,0.31436454330862,3
0.236129799864067,0.31436454330862,0.719538782064823,3
2.36560941396041,0.585714199316077,0.280369650739858,4
0.585714199316077,1.23922053796951,0.322551937200232,4
0.280369650739858,0.322551937200232,0.707394891810352,4
2.68849630654259,0.646885550886043,0.429925556014737,5
0.646885550886043,1.21416171446975,0.351599398636865,5
0.429925556014737,0.351599398636865,0.767655460289561,5
2.43766228133119,0.600111904890594,0.405803138973494,6
0.600111904890593,1.25791987973303,0.323110392049193,6
0.405803138973494,0.323110392049193,0.758152859935465,6
2.45664693894095,0.666203692073231,0.453076873147964,7
0.666203692073231,1.34495689724641,0.374512964102593,7
0.453076873147963,0.374512964102593,0.777218171562474,7
2.26677782682882,0.673981323595245,0.434342261962915,8
0.673981323595245,1.50533658750458,0.413704691748708,8
0.434342261962915,0.413704691748708,0.770695806608632,8
2.08009957894985,0.606700662333005,0.402397597295278,9
0.606700662333005,1.38808175476238,0.398107768370621,9
0.402397597295278,0.398107768370621,0.76424849110507,9
2.06619132926427,0.537078738381277,0.355346774673965,10
0.537078738381277,1.33492970571849,0.395541088266408,10
0.355346774673965,0.395541088266408,0.758947756602074,10
2.55747426870817,0.633639698937756,0.559171428349883,11
0.633639698937756,1.30254297478116,0.429570883373845,11
0.559171428349883,0.429570883373845,0.856599106005681,11
2.34903112742901,0.626278589666721,0.515750021285562,12
0.626278589666721,1.37644051702672,0.425057244537472,12
0.515750021285562,0.425057244537472,0.831540039363331,12
2.26370114644476,0.584788188686107,0.534854017283639,13
0.584788188686107,1.26419427061341,0.404057424753662,13
0.534854017283639,0.404057424753662,0.872572769427119,13
2.12140923637404,0.748565376602855,0.510717672132518,14
0.748565376602855,2.26993481678694,0.556914344113488,14
0.510717672132518,0.556914344113488,0.862970852634783,14
2.64632401364809,0.670439294376408,0.511976111066806,15
0.670439294376408,1.94815132785105,0.500156948624496,15
0.511976111066806,0.500156948624496,0.836578842807042,15
2.55748598747548,0.589144377692421,0.519039167476884,16
0.589144377692421,1.73175129698645,0.437666947752804,16
0.519039167476884,0.437666947752804,0.836230589749662,16
2.3473134034206,0.531446276065178,0.490890517419577,17
0.531446276065178,1.55681581870015,0.391270898575032,17
0.490890517419577,0.391270898575032,0.829748791165743,17
2.20514965223242,0.484511692864275,0.469266017357935,18
0.484511692864275,1.4103413963529,0.360268628494706,18
0.469266017357934,0.360268628494706,0.812602603683639,18
2.04468825908025,0.450972035468144,0.440038378649903,19
0.450972035468144,1.39365918684617,0.338823067523674,19
0.440038378649903,0.338823067523674,0.792910212699308,19
1.89709378226829,0.43279714362749,0.413193883153641,20
0.43279714362749,1.30887596293687,0.335845524980266,20
0.413193883153641,0.335845524980266,0.780379589668742,20
1.8797228463799,0.500992395033123,0.430552346103645,21
0.500992395033123,1.43231924826353,0.387919558037712,21
0.430552346103646,0.387919558037712,0.787770285137769,21
1.78623694886245,0.46254084138806,0.420869213193287,22
0.46254084138806,1.30534122515829,0.356316275636009,22
0.420869213193287,0.356316275636009,0.790334439629071,22
2.0207742565746,0.651712174530395,0.471250527606441,23
0.651712174530395,1.59273790106366,0.424527095107227,23
0.471250527606442,0.424527095107227,0.787880445093229,23
1.90966590515567,0.616738360314568,0.413008347389537,24
0.616738360314568,1.49808507073687,0.367218686036523,24
0.413008347389537,0.367218686036523,0.801832583376276,24
1.88578667286523,0.539781377955119,0.39163729570041,25
0.539781377955119,1.6429653071783,0.371941655924911,25
0.39163729570041,0.371941655924911,0.779769666552246,25
1.94251752476245,0.495937846695764,0.388270275782473,26
0.495937846695764,1.46260180885399,0.346794665953485,26
0.388270275782473,0.346794665953485,0.760076732428666,26
1.81096663020708,0.459287628819227,0.353160495892068,27
0.459287628819227,1.32374284935998,0.329146428580451,27
0.353160495892068,0.329146428580451,0.802119563036139,27
1.6967153353024,0.693048407684619,0.336417266984609,28
0.693048407684619,12.7321873393785,0.115713107172606,28
0.336417266984609,0.115713107172606,0.794857555142578,28
1.64546248647861,0.628723803416252,0.358307226389558,29
0.628723803416252,9.60150225835591,0.160011224860996,29
0.358307226389558,0.160011224860996,0.83166417089041,29
1.56074298283952,0.564749662997457,0.344700815999936,30
0.564749662997457,7.29551735487544,0.18484015308098,30
0.344700815999936,0.18484015308098,0.816766376916349,30
1.49651917249119,0.508461775088612,0.324260268874551,31
0.508461775088612,5.61942325289736,0.202783746607193,31
0.324260268874551,0.202783746607193,0.800409525940798,31
1.45330901594019,0.494064141204689,0.261146995565339,32
0.494064141204689,4.64958162420407,0.123739747096621,32
0.261146995565339,0.123739747096621,1.01509124505574,32
1.93543356088,0.523611381653125,0.385793475115857,33
0.523611381653125,3.6910979530979,0.159025339005003,33
0.385793475115857,0.159025339005003,1.01980434312081,33
2.1882967410442,0.534540700611603,0.391359313682902,34
0.534540700611603,2.9983122212843,0.174753499790323,34
0.391359313682902,0.174753499790323,0.982515427143866,34
2.06269468734882,0.477668398848114,0.32801779619269,35
0.477668398848114,2.54707566747606,0.233081345707627,35
0.32801779619269,0.233081345707627,1.08646228550048,35
1.94026110665462,0.438269543294723,0.310229206051462,36
0.438269543294723,2.11933592235268,0.234455992722194,36
0.310229206051462,0.234455992722194,1.05669296011973,36
1.87457954056155,0.434416005357605,0.320001243726006,37
0.434416005357605,1.86681957170292,0.245361799686316,37
0.320001243726006,0.245361799686316,1.02288375421657,37
1.77409911314222,0.418084175907727,0.292826619574469,38
0.418084175907727,1.65784073650569,0.227078581467281,38
0.292826619574469,0.227078581467281,1.03342721669884,38
1.66625715768745,0.449664656865741,0.290218217570609,39
0.449664656865741,2.04025567963957,0.291682884504471,39
0.290218217570609,0.291682884504471,1.00207708230067,39
1.62354591482889,0.409210603924449,0.307086214522545,40
0.409210603924449,1.80874626039867,0.271308449605425,40
0.307086214522545,0.271308449605425,0.982596979707471,40
1.54042580044515,0.449801929031034,0.299302953289349,41
0.449801929031034,2.61302158258264,0.344400812984291,41
0.299302953289349,0.344400812984291,0.949714339310637,41
1.89793013424271,0.485439873602597,0.301718324427222,42
0.485439873602597,2.19916293724378,0.324689104511002,42
0.301718324427222,0.324689104511002,0.917966630683934,42
1.77275775452988,0.445675700785381,0.303134166888418,43
0.445675700785381,1.86340591112232,0.306672960269059,43
0.303134166888418,0.306672960269059,0.94142747844186,43
1.82837522487591,0.390909626377947,0.312768483576936,44
0.390909626377947,1.75626462289236,0.29846949817255,44
0.312768483576936,0.29846949817255,0.910400868335925,44
1.71310933015052,0.371556399773377,0.299723844479706,45
0.371556399773377,1.53940816004744,0.285121529995972,45
0.299723844479706,0.285121529995972,0.906396886979731,45
1.64184833133444,0.35252337197568,0.289611061024917,46
0.35252337197568,1.39400824946946,0.28150873252992,46
0.289611061024917,0.28150873252992,0.879020864564914,46
1.77703962061709,0.336161168330058,0.297775742006827,47
0.336161168330058,1.28681079459559,0.27556924877753,47
0.297775742006827,0.27556924877753,0.851565365705903,47
2.37900397743464,0.245433092285311,0.352256384803883,48
0.245433092285311,1.3591490666363,0.270680271500286,48
0.352256384803883,0.270680271500286,0.828395683960967,48
2.41050577953086,0.239592495884872,0.308880120817387,49
0.239592495884872,1.27996359508758,0.280724625771205,49
0.308880120817387,0.280724625771205,0.819650587603834,49
2.20246580158458,0.25613463394497,0.304485422383464,50
0.25613463394497,1.20323135742699,0.28257567444533,50
0.304485422383464,0.28257567444533,0.807201577853034,50
2.02649484548037,0.267706927126088,0.299434399517029,51
0.267706927126088,1.14091226834221,0.28458527464005,51
0.299434399517029,0.28458527464005,0.807509194391823,51
1.88119212069593,0.274983222946573,0.295923383010883,52
0.274983222946573,1.08779259025699,0.27733464605069,52
0.295923383010883,0.27733464605069,0.794535765928797,52
2.87829580886751,0.45092248316225,0.754706712292683,53
0.45092248316225,1.1216039212249,0.364130119214948,53
0.754706712292683,0.364130119214948,1.06103346278572,53
3.00020215897806,0.709495515578252,0.71762805306124,54
0.709495515578252,1.66667523439955,0.405985250174099,54
0.71762805306124,0.405985250174099,1.02099430911438,54
3.57185143010239,0.591753858373587,0.468835522431052,55
0.591753858373587,1.63646616641032,0.488926527560678,55
0.468835522431052,0.488926527560678,1.18005387969806,55
3.19659808762838,0.544555095238218,0.447671190422869,56
0.544555095238218,1.45380543928413,0.450352278182885,56
0.447671190422869,0.450352278182885,1.13332055237589,56
2.91703205880826,0.50698432860639,0.386339845954632,57
0.50698432860639,1.31686470837253,0.419334966345537,57
0.386339845954632,0.419334966345537,1.20608568153445,57
2.79878244332083,0.439947145955851,0.374121060588236,58
0.439947145955851,1.52011033993114,0.434755315154843,58
0.374121060588236,0.434755315154843,1.15672736318803,58
2.91895160060324,0.509238492977194,0.554999676974028,59
0.509238492977194,1.45444300097752,0.491512998087871,59
0.554999676974028,0.491512998087871,1.33286263154733,59
3.73860739896734,0.737105154738584,0.758461219518168,60
0.737105154738584,1.53117058886766,0.551626871935088,60
0.758461219518168,0.551626871935088,1.358669290443,60
3.75923852779741,0.797429652246839,0.706836891658982,61
0.797429652246839,1.52809706494775,0.51683047522245,61
0.706836891658982,0.51683047522245,1.29886043221115,61
3.35183601854366,0.705475809539153,0.633304041638861,62
0.705475809539153,1.39274164766562,0.49223787348198,62
0.633304041638861,0.49223787348198,1.27809077168151,62
3.67465755119307,0.719496365329679,0.70782073235625,63
0.719496365329679,1.29098492605079,0.471673531396919,63
0.70782073235625,0.471673531396919,1.25460057936785,63
3.75615886950607,0.81289358837324,0.732562424684708,64
0.81289358837324,1.37091732798532,0.494371842065233,64
0.732562424684708,0.494371842065233,1.22152996326616,64
3.41918976700957,0.717216611480031,0.678283065838058,65
0.717216611480031,1.35789328623175,0.46063993620882,65
0.678283065838058,0.46063993620882,1.17268889690442,65
3.75660598742036,0.642464280085712,0.728856678408785,66
0.642464280085712,1.27932772188361,0.418997716588062,66
0.728856678408785,0.418997716588062,1.142531040078,66
5.04027626262283,0.348604867344307,0.697218237997379,67
0.348604867344307,1.76611876781585,0.478848151040586,67
0.697218237997379,0.478848151040586,1.10072298687834,67
4.47101725157423,0.343663736977911,0.678399543466136,68
0.343663736977911,1.69592658340898,0.391922750922273,68
0.678399543466136,0.391922750922274,1.13868731685079,68
4.02137289974643,0.362746050620291,0.626560739968217,69
0.362746050620291,1.50312196626127,0.369831438494186,69
0.626560739968217,0.369831438494186,1.09313958109145,69
3.8575974805996,0.487566111579707,0.650044964216437,70
0.487566111579707,1.6021903668265,0.424838344646045,70
0.650044964216437,0.424838344646045,1.08345602779219,70
3.60473540151924,0.501192186166364,0.611941462168138,71
0.501192186166364,1.46537694187255,0.402464676149075,71
0.611941462168138,0.402464676149075,1.04258250549935,71
3.20797987315626,0.482632663394389,0.563124845394444,72
0.482632663394389,1.37548139950211,0.390287156807035,72
0.563124845394444,0.390287156807036,1.00754332188441,72
3.32155791884181,0.543307110918926,0.608471935677591,73
0.543307110918926,1.32222367644151,0.395991998864308,73
0.608471935677591,0.395991998864308,0.99417804798628,73
3.01661879582463,0.497200956297555,0.563260599297789,74
0.497200956297555,1.28477886041188,0.373991787989539,74
0.563260599297789,0.373991787989539,0.95984974430572,74
2.70996227771275,0.469116221282963,0.515684957054927,75
0.469116221282963,1.22478506839139,0.361191367015324,75
0.515684957054927,0.361191367015324,0.927818914153557,75
2.5153652780745,0.436943869822931,0.495510594540926,76
0.436943869822931,1.16775206497154,0.337044001614977,76
0.495510594540926,0.337044001614977,0.906794911970057,76
2.31255769895189,0.422570912125645,0.453835740784608,77
0.422570912125645,1.11148802374227,0.322457321316878,77
0.453835740784608,0.322457321316878,0.879952010731288,77
2.65755128104374,0.658996159802373,0.465299660160647,78
0.658996159802373,1.41537253736596,0.352077922059841,78
0.465299660160647,0.352077922059841,0.853065896534516,78
2.60754379936577,0.564608498546974,0.447759584894042,79
0.564608498546974,1.52225435156613,0.348082264354109,79
0.447759584894042,0.348082264354109,0.827565443648518,79
3.16586976990065,0.548360120154672,0.52182308488933,80
0.548360120154673,1.3689907577624,0.325667468266395,80
0.52182308488933,0.325667468266395,0.814091686509707,80
3.16535185080117,0.740651040178322,0.431867555050327,81
0.740651040178322,1.76397097086377,0.264805778416162,81
0.431867555050327,0.264805778416162,0.818627345439215,81
2.83422278873481,0.658276030972349,0.405999777921249,82
0.658276030972349,1.56138097718888,0.274540427774812,82
0.405999777921249,0.274540427774812,0.83295347277911,82
2.55763642568486,0.590416091130991,0.387797147399463,83
0.590416091130991,1.39778534545306,0.262244766259361,83
0.387797147399463,0.262244766259361,0.847553258170725,83
2.55474409228017,0.496942772821398,0.323160651884015,84
0.496942772821398,1.57542430088222,0.337049061628385,84
0.323160651884015,0.337049061628385,0.852248676211166,84
2.3226392582008,0.466737194380035,0.312559583941697,85
0.466737194380035,1.43778125991477,0.312251827497038,85
0.312559583941697,0.312251827497038,0.83578843232993,85
2.54912277132264,0.40218617346353,0.310301223580452,86
0.40218617346353,1.38924393216423,0.310847807661229,86
0.310301223580452,0.310847807661229,0.811954400347654,86
2.33014197517851,0.383517843948103,0.28096654440225,87
0.383517843948103,1.28950471827295,0.321487427434111,87
0.28096654440225,0.321487427434111,0.866335721840693,87
2.54984175773724,0.481208661213641,0.337628224502929,88
0.481208661213641,1.30150340413062,0.337177928676013,88
0.337628224502929,0.337177928676013,0.84961423938361,88
2.82760488001604,0.588104162906127,0.395944463936414,89
0.588104162906128,1.32793387612447,0.354014272008941,89
0.395944463936414,0.354014272008941,0.834591788339079,89
2.68904968184263,0.578122557371943,0.419975276405935,90
0.578122557371943,1.26411579411912,0.357791222014614,90
0.419975276405935,0.357791222014614,0.837165391454082,90
2.63610037910621,0.62800723733391,0.376335949176304,91
0.62800723733391,1.32574462778547,0.328766438424222,91
0.376335949176304,0.328766438424222,0.822335634481811,91
2.42884708369192,0.584768186106456,0.370522740453102,92
0.584768186106456,1.24309964255657,0.322661678057821,92
0.370522740453102,0.322661678057821,0.805506881450653,92
2.37992379395284,0.397710911243166,0.420265860658034,93
0.397710911243166,4.58352633876718,0.0717884127180295,93
0.420265860658034,0.0717884127180295,0.835224179223594,93
2.17834151064756,0.401535571510799,0.397155114788719,94
0.401535571510799,3.82572113989054,0.126449390552514,94
0.397155114788719,0.126449390552514,0.815930964275735,94
2.02404986282074,0.410930653323476,0.38336702758778,95
0.410930653323476,3.25273466510669,0.173055563650328,95
0.38336702758778,0.173055563650328,0.801516134122077,95
6.2144609317742,0.906618094760897,1.4414105236801,96
0.906618094760897,2.88206584149538,0.313015266752623,96
1.4414105236801,0.313015266752623,1.0698198651622,96
5.98602233901529,0.793066786055167,1.40201539097299,97
0.793066786055167,2.42054597516926,0.281127642886739,97
1.40201539097299,0.281127642886739,1.08471292317495,97
5.20831914744599,0.726353394696219,1.23159668685066,98
0.726353394696219,2.26313761872686,0.276967827949447,98
1.23159668685066,0.276967827949447,1.04470967080424,98
4.58098595462051,0.690936116317107,1.10728745668931,99
0.690936116317107,2.08778404330268,0.325054259551498,99
1.10728745668931,0.325054259551498,1.057750798745,99
4.35466572487,0.621140553720826,1.04359650133496,100
0.621140553720826,1.79754812313969,0.304055147814976,100
1.04359650133496,0.304055147814976,1.0340618691922,100
3.8516654778087,0.574900978442758,0.927526317021487,101
0.574900978442758,1.59388128119881,0.299019016201862,101
0.927526317021487,0.299019016201862,0.998391216338935,101
3.4421073901791,0.528413427397697,0.828059793495432,102
0.528413427397697,1.41981897905936,0.289293699200479,102
0.828059793495432,0.289293699200479,0.963170736978116,102
3.35033399609835,0.496577253501839,0.763042922204287,103
0.496577253501839,1.29520310084311,0.282006766155806,103
0.763042922204287,0.282006766155806,0.929846724109189,103
3.03613097796684,0.485547546419373,0.683383377650605,104
0.485547546419373,1.23475768367504,0.27647955825445,104
0.683383377650605,0.27647955825445,0.899436788318746,104
3.36150468043654,0.959657155595301,0.773175721173919,105
0.959657155595301,2.29064677299828,0.507700591238319,105
0.773175721173919,0.507700591238319,0.922203259162895,105
3.47276731129344,0.913744257889796,0.782181198690178,106
0.913744257889796,1.97618891038787,0.474247230225097,106
0.782181198690178,0.474247230225097,0.90996900163393,106
3.09220150507076,0.858534666385952,0.697760328196667,107
0.858534666385952,2.12940434014588,0.517876419011922,107
0.697760328196667,0.517876419011923,0.900049907177031,107
3.23172412863149,0.770471696611231,0.668628970925723,108
0.770471696611231,1.81554220208726,0.464150530248673,108
0.668628970925723,0.464150530248673,0.871542688487303,108
2.89755199398175,0.690153693653683,0.606731723788719,109
0.690153693653683,1.62264295687371,0.432675231855617,109
0.606731723788719,0.432675231855617,0.848511928880903,109
3.13090726801494,1.12450125940389,0.663759393101905,110
1.12450125940389,2.6969320284437,0.618528197052444,110
0.663759393101905,0.618528197052444,0.852315053815359,110
2.92123081385226,0.980903124525317,0.613548197340924,111
0.980903124525317,2.25769008463176,0.548145130940623,111
0.613548197340924,0.548145130940623,0.827832767660234,111
3.00251746652874,0.898137615986066,0.518897146204387,112
0.898137615986066,1.92075489681113,0.477993824620909,112
0.518897146204387,0.477993824620909,0.825693841346751,112
3.45548365117319,1.03369212347797,0.73260348758654,113
1.03369212347797,1.92019695580886,0.558623854541216,113
0.73260348758654,0.558623854541216,0.94549147562015,113
3.30562899498903,0.901685982360066,0.613807183501793,114
0.901685982360066,1.65973874486833,0.503583864538417,114
0.613807183501793,0.503583864538417,0.961914138550333,114
3.08288299191446,0.931354637598679,0.63792919839819,115
0.931354637598679,1.82973617875273,0.604463760631732,115
0.63792919839819,0.604463760631732,1.03568200320508,115
2.76485096734611,0.840010077058787,0.582139040763892,116
0.840010077058787,1.80427424653464,0.654122368431811,116
0.582139040763892,0.654122368431811,1.13128594864839,116
2.66843297103899,0.807023117588879,0.648805339780918,117
0.807023117588879,1.67908309282735,0.666905552594062,117
0.648805339780918,0.666905552594062,1.25356377104322,117
2.77488360688735,0.959867038281456,0.650710134332388,118
0.959867038281456,1.95318528067276,0.690250759772215,118
0.650710134332387,0.690250759772215,1.20864841406416,118
2.51757044353183,0.857288504714043,0.619265608202629,119
0.857288504714044,1.99098256177145,0.556803857274959,119
0.619265608202629,0.556803857274959,1.27911502062903,119
2.68730668026368,0.74705349083006,0.624825307209965,120
0.74705349083006,1.74321334295548,0.500208280051081,120
0.624825307209965,0.500208280051081,1.22957242712185,120
3.07471219545431,0.75126917681928,1.10307057816711,121
0.75126917681928,1.55164729410411,0.543903848673865,121
1.10307057816711,0.543903848673866,2.07874458224583,121
2.92991083642441,0.69509346284294,1.03248856075906,122
0.695093462842941,1.40023317814978,0.512060034943342,122
1.03248856075906,0.512060034943342,1.98703602781563,122
3.71916208031025,0.748440656439251,1.00739661894162,123
0.748440656439251,1.29730589710663,0.47894559790547,123
1.00739661894162,0.47894559790547,1.88367947124914,123
4.13370599891794,0.938070771535621,0.996521660612906,124
0.938070771535621,1.45910183834011,0.494329885892086,124
0.996521660612906,0.494329885892086,1.7886167409676,124
4.29925499990626,0.898655331870902,0.79508762179682,125
0.898655331870902,1.3326902485897,0.448209283532902,125
0.79508762179682,0.448209283532902,1.85707853153056,125
4.58430658337516,0.849095628997371,0.808055308211069,126
0.849095628997371,1.22805174080115,0.426143693074703,126
0.808055308211069,0.426143693074703,1.76590433238544,126
4.79659689961258,0.989674674956522,1.03372106469615,127
0.989674674956523,1.35873501059741,0.564039096468434,127
1.03372106469615,0.564039096468434,1.9420152368385,127
4.93966264417156,1.05513268928278,1.18390653634889,128
1.05513268928278,1.3838304702728,0.62989592341638,128
1.18390653634889,0.62989592341638,2.03074574181469,128
4.34917592082994,0.947186106054728,1.05390275747001,129
0.947186106054728,1.32281988571333,0.580670538607328,129
1.05390275747001,0.580670538607328,1.92691847043577,129
4.19861442968596,0.910204594487163,1.00776273601769,130
0.910204594487163,1.26330504045027,0.555630385324572,130
1.00776273601769,0.555630385324572,1.8374766675218,130
3.75182801304768,0.802188278476386,0.876750607609964,131
0.802188278476386,1.20843660873518,0.551513866338271,131
0.876750607609964,0.551513866338271,1.83043729769299,131
3.692556353257,0.807595041621717,0.89441470507982,132
0.807595041621718,1.19832923192727,0.553782287037767,132
0.89441470507982,0.553782287037767,1.78214235052954,132
3.3227010677664,0.71875873532621,0.79184232454421,133
0.71875873532621,1.17062168718482,0.542116597974626,133
0.79184232454421,0.542116597974626,1.72004378459104,133
3.40567020399989,0.749188140993866,0.87920736120762,134
0.749188140993866,1.16912407714283,0.561080730500455,134
0.87920736120762,0.561080730500455,1.73497756144132,134
3.04122323946447,0.740870808261937,0.796973953141267,135
0.740870808261937,1.3992007690162,0.593585004755245,135
0.796973953141267,0.593585004755245,1.65662624642059,135
2.74284581016526,0.661826300566863,0.729555604236377,136
0.661826300566863,1.27746376660527,0.545678806664062,136
0.729555604236377,0.545678806664062,1.58421442787306,136
2.78558374299001,0.644988833906487,0.824981146882847,137
0.644988833906487,1.20105055724346,0.533784100885337,137
0.824981146882847,0.533784100885338,1.66095266208417,137
2.58001591884396,0.587170508210194,0.741745010612696,138
0.587170508210194,1.133443331604,0.500179480284698,138
0.741745010612696,0.500179480284698,1.58207539404883,138
2.71455273154054,0.745092211032891,0.75953236961466,139
0.745092211032891,1.38057241000486,0.557173874243685,139
0.75953236961466,0.557173874243685,1.52582737585215,139
2.46520033972515,0.662119243936243,0.680139127833257,140
0.662119243936243,1.26396989632154,0.515003819277257,140
0.680139127833257,0.515003819277257,1.47285159604088,140
2.72807188290649,0.64001907619939,0.568588331425325,141
0.64001907619939,1.17832233860225,0.475857114991799,141
0.568588331425325,0.475857114991799,1.44129407868339,141
2.88599123861199,0.723297471099473,0.506818060437167,142
0.723297471099473,1.24644019320696,0.437858665819511,142
0.506818060437166,0.437858665819511,1.38860472944406,142
2.9984128263128,0.653366831453515,0.414584141445613,143
0.653366831453515,1.18078944014623,0.431590672298842,143
0.414584141445613,0.431590672298842,1.37086374195315,143
2.6940215546252,0.602202218091985,0.404772620173265,144
0.602202218091985,1.16648541514095,0.387324652525933,144
0.404772620173265,0.387324652525933,1.35171967324471,144
2.61644581834086,0.606044840632313,0.462115770779725,145
0.606044840632313,1.15429676760098,0.407717914669094,145
0.462115770779725,0.407717914669094,1.34207780937113,145
3.11177553110215,0.749709074296329,0.52671744514524,146
0.749709074296329,1.23016337570314,0.423825899289801,146
0.52671744514524,0.423825899289801,1.28957691899757,146
2.88958574421922,0.670098709958324,0.479423243390564,147
0.670098709958324,1.16445375532813,0.409375783424418,147
0.479423243390564,0.409375783424418,1.24469033670442,147
2.82052514492089,0.630761910600323,0.510606950815062,148
0.630761910600323,1.10612957064521,0.39312008523995,148
0.510606950815062,0.39312008523995,1.21513889871976,148
3.55357295870897,0.599182120951444,0.578857213183092,149
0.599182120951444,1.07356785362226,0.373112041881775,149
0.578857213183092,0.373112041881775,1.16925338274511,149
3.16750378078392,0.561688532279036,0.535278042356879,150
0.561688532279036,1.04959742351915,0.358904392403002,150
0.535278042356879,0.358904392403002,1.12253716633338,150
2.99407229432822,0.738867878967679,0.582491370437968,151
0.738867878967678,1.63389848831031,0.577333123664674,151
0.582491370437968,0.577333123664674,1.17620613998321,151
2.69604580985166,0.908583085042497,0.536642651927519,152
0.908583085042497,6.77992371449598,0.833931803707528,152
0.536642651927519,0.833931803707528,1.12855317716348,152
2.47892692979512,0.781785028576052,0.506775057802536,153
0.781785028576053,5.35687039761919,0.720683212279912,153
0.506775057802537,0.720683212279912,1.08653855488607,153
3.13027334021151,0.859077863276133,0.771603529047932,154
0.859077863276133,4.33213024289694,0.695025434172251,154
0.771603529047932,0.695025434172251,1.19511964925898,154
2.83264146537043,0.757569692680977,0.715253238505042,155
0.757569692680977,3.46843919669768,0.628296635185414,155
0.715253238505042,0.628296635185414,1.18300388132593,155
4.10240034265785,1.0885360295005,1.02732927223712,156
1.0885360295005,3.30750556772722,0.702519700651894,156
1.02732927223712,0.702519700651894,1.24481335678949,156
3.62913856869618,0.941967414267844,0.91657906646295,157
0.941967414267844,2.75703941126258,0.638226903643777,157
0.91657906646295,0.638226903643777,1.20594805791266,157
5.04226506632538,1.0018692481429,1.39349623282582,158
1.0018692481429,2.29976213550229,0.606025570227982,158
1.39349623282582,0.606025570227982,1.42626451380748,158
5.89954392205633,1.42481348951693,1.61564930826882,159
1.42481348951693,2.7330399499626,0.793005941309832,159
1.61564930826882,0.793005941309832,1.5094921460847,159
5.13038935684106,1.20300743523336,1.41047663330294,160
1.20300743523336,2.29769685015669,0.683494762196188,160
1.41047663330294,0.683494762196188,1.47841703051747,160
4.5506117821252,1.02122477591438,1.23275607112233,161
1.02122477591438,1.95399866741393,0.613508678390341,161
1.23275607112233,0.613508678390341,1.4138232235347,161
5.4935839331685,1.77306704384838,1.66838937647633,162
1.77306704384838,3.16083890950211,1.1415553623742,162
1.66838937647633,1.1415553623742,1.74198648859725,162
8.22027270820561,1.97165614007832,2.18902494249294,163
1.97165614007832,2.70454537340889,1.06883803834911,163
2.18902494249294,1.06883803834911,1.82542812813462,163
7.0822804159766,1.6812910178801,1.90399455595357,164
1.6812910178801,2.41665131248554,0.973772899686332,164
1.90399455595357,0.973772899686332,1.74908362594221,164
7.35266763115546,1.91634292377361,1.91514565102696,165
1.91634292377361,2.6695712263036,1.03912503137468,165
1.91514565102696,1.03912503137468,1.72760000446629,165
6.56175100611842,1.79547266957703,1.65178061205696,166
1.79547266957703,4.06450716401941,1.22344042876287,166
1.65178061205696,1.22344042876287,1.66278974690801,166
8.65547629930161,1.53741149654911,1.76243917012023,167
1.53741149654911,3.40456652152309,1.03989181001332,167
1.76243917012023,1.03989181001332,1.59181643357915,167
8.2617520370653,1.27400488938481,1.60921040198738,168
1.27400488938481,3.04537867835037,0.919537310272279,168
1.60921040198738,0.919537310272279,1.51543540641829,168
8.00971493089535,1.18478961568475,1.49617195878006,169
1.18478961568475,2.5138258314257,0.801365251583085,169
1.49617195878006,0.801365251583085,1.44672621897474,169
7.0485323178796,1.01697004645561,1.33847859138182,170
1.01697004645561,2.22016751426224,0.700219987242237,170
1.33847859138182,0.700219987242237,1.38714533811055,170
6.65364710250483,1.2130320159394,1.12925383472583,171
1.2130320159394,2.55112850170484,0.601686284863056,171
1.12925383472583,0.601686284863056,1.36278906020459,171
9.28199810301797,2.4803627170075,2.19967739897179,172
2.4803627170075,3.95339185344934,1.36664197340553,172
2.19967739897179,1.36664197340553,2.02846254592303,172
8.66132021031331,2.42215811670977,2.0425996224968,173
2.42215811670977,3.86541119263991,1.31747692487512,173
2.0425996224968,1.31747692487512,1.95231472886044,173
7.44938383535352,1.98224783470203,1.79721987684602,174
1.98224783470203,3.18242743333609,1.09287157640167,174
1.79721987684602,1.09287157640167,2.00216218303109,174
7.86261741222173,2.09480781093343,1.88585658090529,175
2.09480781093343,3.0670494190649,1.10507812975977,175
1.88585658090529,1.10507812975977,1.99688044136462,175
7.20919089917626,1.73852264627921,1.54166269835631,176
1.73852264627921,2.9425949314701,1.1718722448104,176
1.54166269835631,1.1718722448104,2.14097383946804,176
6.22991792955879,1.44087845407285,1.36295120290081,177
1.44087845407285,2.42931262342625,1.00548500910842,177
1.36295120290081,1.00548500910842,2.02794017577565,177
5.86857626365446,1.44994245792677,1.35524478141001,178
1.44994245792677,2.41353278077497,1.02263087679883,178
1.35524478141001,1.02263087679883,2.012088471573,178
6.58174628436016,1.61855532310605,1.4954722739405,179
1.61855532310605,2.35382398949612,1.01651655569794,179
1.4954722739405,1.01651655569794,1.98143787961982,179
5.74847254315469,1.35868004616585,1.31934314638935,180
1.35868004616585,1.9883799132939,0.882355716166844,180
1.31934314638935,0.882355716166844,1.8773915199198,180
5.00837743884631,1.1485540407056,1.17791691461875,181
1.1485540407056,1.72811693861301,0.76392431771228,181
1.17791691461875,0.763924317712279,1.83300878618228,181
4.61356353624424,1.03313815212114,1.08466151021327,182
1.03313815212114,1.54676408424676,0.692581575180881,182
1.08466151021327,0.692581575180881,1.7444421306825,182
5.69966994936174,0.898209524768035,1.20687814035431,183
0.898209524768035,1.44402554516101,0.613187841108451,183
1.20687814035431,0.613187841108451,1.68289139880558,183
4.97666994092132,0.846336070047164,1.06963027055387,184
0.846336070047163,1.46941475666098,0.575975285304015,184
1.06963027055387,0.575975285304015,1.6003748750388,184
4.61064450979541,0.762768118562588,0.988407736882188,185
0.762768118562588,1.32896934374358,0.527515594978503,185
0.988407736882188,0.527515594978503,1.52580472137631,185
4.08924348888254,0.761440972726048,0.917658243765546,186
0.761440972726048,1.4437222111745,0.59083235271986,186
0.917658243765546,0.59083235271986,1.52243587355429,186
5.04785506615946,1.17184483800223,1.13221646239586,187
1.17184483800223,1.79654692276422,0.718181360484583,187
1.13221646239586,0.718181360484583,1.52619441238035,187
6.07052236924224,1.34886860434476,1.42347751111773,188
1.34886860434476,1.76093745691004,0.757754588977482,188
1.42347751111773,0.757754588977482,1.60173136371888,188
6.9004080375778,1.38593503585917,1.30872519439342,189
1.38593503585917,1.61607939372224,0.673458682388118,189
1.30872519439342,0.673458682388118,1.52977808757424,189
5.99792388906434,1.19820024350954,1.15941734161109,190
1.19820024350954,1.45768923386972,0.609360269743869,190
1.15941734161109,0.609360269743869,1.45711695591937,190
5.55338972142508,1.1478985588484,1.05176616030576,191
1.1478985588484,1.42684879269027,0.569348338158341,191
1.05176616030576,0.569348338158341,1.38933904702067,191
6.58256100441358,1.2943249900653,1.29014863774895,192
1.2943249900653,1.41773532180392,0.597025972210752,192
1.29014863774895,0.597025972210753,1.41880709351805,192
5.80435664700196,1.11517555968657,1.13046917536143,193
1.11517555968657,1.31778395436967,0.554747740310605,193
1.13046917536143,0.554747740310604,1.35923384479803,193
5.99562186878349,1.39864023778339,1.29528916572074,194
1.39864023778339,1.70085768628752,0.746681981989329,194
1.29528916572074,0.746681981989329,1.46192554303681,194
5.23805636745286,1.20769953970249,1.11905088480317,195
1.20769953970249,1.53503429103888,0.642696545743192,195
1.11905088480317,0.642696545743192,1.46209457650619,195
4.97007026865306,1.16137102318344,1.03217390032367,196
1.16137102318344,1.48461281442457,0.601644448348746,196
1.03217390032367,0.601644448348746,1.39491522044803,196
4.86739549152805,1.43409411269599,1.09175121128697,197
1.43409411269599,2.09015392255876,0.808035635732921,197
1.09175121128697,0.808035635732921,1.43488458727776,197
4.26529627260038,1.20449699030195,0.970580688235876,198
1.20449699030196,1.8127425286452,0.705734641037935,198
0.970580688235876,0.705734641037935,1.37437711565905,198
4.7538827599927,1.18861948784435,1.14183923189006,199
1.18861948784435,1.6312446471395,0.673285379952518,199
1.14183923189006,0.673285379952519,1.42282957189118,199
4.30036682441239,1.01598397664284,1.09687634808368,200
1.01598397664284,1.52428388876365,0.561508237613374,200
1.09687634808368,0.561508237613374,1.49249307145518,200
4.16914383635485,0.89074753631497,1.02979098465561,201
0.890747536314971,1.38077782141465,0.512029212613892,201
1.02979098465561,0.512029212613892,1.42786466581767,201
3.88989559531901,0.79747053583272,1.05501768932005,202
0.79747053583272,1.26364711847947,0.470881639031585,202
1.05501768932005,0.470881639031585,1.56343041392978,202
3.74186638247259,0.668244419294411,0.944771894749129,203
0.668244419294411,1.90073116619743,0.547847107458877,203
0.944771894749129,0.547847107458877,1.49177348422187,203
3.38435761737319,0.616038632564709,0.840185396553572,204
0.616038632564708,1.65629813501241,0.497764833113886,204
0.840185396553572,0.497764833113886,1.42669277124697,204
3.5131094090055,0.811261907101364,0.837514943634228,205
0.811261907101364,1.90228001201878,0.541993918398078,205
0.837514943634228,0.541993918398078,1.37124206203951,205
3.13690497003278,0.711207224332727,0.755617049396876,206
0.711207224332727,1.65372939847353,0.493982339754327,206
0.755617049396876,0.493982339754327,1.30960851252724,206
3.07353035075568,0.63355631618629,0.705530647746832,207
0.63355631618629,1.47853947039102,0.456641424513715,207
0.705530647746832,0.456641424513715,1.25214446822774,207
2.78601398859694,0.578348770577094,0.627962691219767,208
0.578348770577094,1.53010807097221,0.483069520715396,208
0.627962691219767,0.483069520715396,1.21930818399959,208
2.5309763983193,0.581223346885818,0.571016309726004,209
0.581223346885818,1.61457628922958,0.448867171783789,209
0.571016309726004,0.448867171783789,1.17440224775353,209
2.65555381720856,0.675743703769916,0.544834371857984,210
0.675743703769917,1.64179901083653,0.433191783686695,210
0.544834371857984,0.433191783686695,1.12652895234851,210
2.50503135879684,0.638445046507662,0.546708669345008,211
0.638445046507662,1.49626531898909,0.426080059150442,211
0.546708669345008,0.426080059150442,1.11045396471398,211
2.77256577602337,0.751775838141788,0.63412274541082,212
0.751775838141788,1.53965391222241,0.468833749909381,212
0.63412274541082,0.468833749909381,1.1074979120575,212
3.12421703080548,0.308511116452015,0.773062788998291,213
0.308511116452015,4.69766575508124,0.184496918135199,213
0.773062788998291,0.184496918135199,1.14961356405655,213
2.94309831911596,0.299215004426584,0.671928775806967,214
0.299215004426584,3.89296832557486,0.242665907514413,214
0.671928775806967,0.242665907514413,1.12603528887386,214
2.83076459021396,0.273491921937104,0.600252065998569,215
0.273491921937104,3.3945126641328,0.283895738639943,215
0.600252065998569,0.283895738639943,1.089732053087,215
2.64376229558143,0.276340354625353,0.552314994648095,216
0.276340354625353,2.82194076499869,0.290199402095264,216
0.552314994648095,0.290199402095264,1.04838970671475,216
2.47360130000326,0.287707339956877,0.563602567088984,217
0.287707339956877,2.3251844688575,0.275122817969632,217
0.563602567088984,0.275122817969632,1.08693141753206,217
2.35806175433938,0.312138556477756,0.423873478464542,218
0.312138556477756,1.97124532902352,0.242553049381342,218
0.423873478464542,0.242553049381343,1.28361348092115,218
3.19110959743435,0.448398584099373,0.537097588350907,219
0.448398584099373,1.76847238281989,0.266896671166817,219
0.537097588350907,0.266896671166817,1.2427839998602,219
2.86032537095165,0.425261898640143,0.517751684594123,220
0.425261898640143,1.54799850574088,0.271264518706137,220
0.517751684594123,0.271264518706137,1.29236163166377,220
3.52530659448236,0.601340253560399,0.527557456806575,221
0.601340253560399,1.54854989482856,0.279294479723968,221
0.527557456806575,0.279294479723968,1.23630936644681,221
3.1934219278863,0.543650485877737,0.49379923462019,222
0.543650485877737,1.4866740011239,0.293521399679925,222
0.49379923462019,0.293521399679925,1.18660570046974,222
2.9722477079578,0.515727869547856,0.520400833550551,223
0.515727869547856,1.34478873117306,0.297553822965483,223
0.520400833550551,0.297553822965483,1.19405494278609,223
3.97029016387654,0.598715457287834,0.600481978774599,224
0.598715457287834,1.25413125650519,0.299647621311958,224
0.600481978774598,0.299647621311958,1.14887636668255,224
3.52103977112004,0.565328481192612,0.565142571208004,225
0.565328481192612,1.20370475796132,0.31012596475998,225
0.565142571208004,0.31012596475998,1.11554473517888,225
3.15013672604346,0.524301465018345,0.535703189442473,226
0.524301465018345,1.17776833496565,0.294612477713304,226
0.535703189442473,0.294612477713304,1.08401118724447,226
2.83976353464539,0.490727786629268,0.515662669905479,227
0.490727786629268,1.11522852478584,0.287838083037961,227
0.515662669905479,0.287838083037961,1.07711631882364,227
2.56184470113297,0.547674702599157,0.476470414751788,228
0.547674702599157,1.72739728779041,0.203101981466261,228
0.476470414751788,0.203101981466261,1.08782824909549,228
2.92201041828451,0.710620289382546,0.523993833611901,229
0.710620289382546,1.78855224989429,0.251484979996936,229
0.523993833611901,0.251484979996936,1.05289955027215,229
2.66369542515249,0.628221918460641,0.508270113282043,230
0.62822191846064,1.63076572713928,0.234192005783058,230
0.508270113282043,0.234192005783058,1.0388476852497,230
2.80253186191913,0.689595407839295,0.57750745246348,231
0.689595407839295,1.58201657660124,0.287393399869286,231
0.57750745246348,0.287393399869286,1.04019699114118,231
2.55334497222126,0.636328766580638,0.55392067117539,232
0.636328766580638,1.4622574863467,0.313343566997508,232
0.553920671175389,0.313343566997508,1.05129391830599,232
2.32551339880338,0.587307283212647,0.509984907087516,233
0.587307283212647,1.48382162919895,0.328095689828249,233
0.509984907087516,0.328095689828249,1.01435527179219,233
2.18241499207778,0.572872385194622,0.481988328010165,234
0.572872385194622,1.42789886471671,0.327553925059854,234
0.481988328010164,0.327553925059854,0.97819736720441,234
2.02223960320266,0.523141401095443,0.452807446122241,235
0.523141401095443,1.39262024180341,0.317944500464002,235
0.452807446122241,0.317944500464002,0.944472075199078,235
2.14891968704742,0.538213798112765,0.446542341467249,236
0.538213798112765,1.30215935109438,0.310496632415425,236
0.446542341467249,0.310496632415425,0.912549465246865,236
2.58748122169583,0.824843833264321,0.598679824152339,237
0.824843833264321,1.69279208233826,0.457399406089999,237
0.598679824152339,0.457399406089999,0.952823901678012,237
2.36052500435713,0.735848079025628,0.559435904739415,238
0.735848079025628,1.53438834835883,0.443249073767287,238
