"AAPL.T+1","IBM.T+1","MCD.T+1","MatrixID"
2.53271421218832,0.559702182194028,0.245014013590123,1
0.559702182194028,1.32117473524751,0.372211917944258,1
0.245014013590123,0.372211917944258,0.72439815643029,1
2.32495990222236,0.536440072774386,0.245774468110108,2
0.536440072774386,1.27611844485167,0.351494413464304,2
0.245774468110108,0.351494413464304,0.708028188901439,2
2.13738260410747,0.508244772472359,0.235801180156627,3
0.508244772472359,1.22394422868613,0.314155969694697,3
0.235801180156627,0.314155969694697,0.719017283733225,3
2.36560941396041,0.585523649634307,0.279969992173001,4
0.585523649634308,1.23922053796951,0.322302276743422,4
0.279969992173001,0.322302276743422,0.706799919420542,4
2.68849630654259,0.646678297072522,0.429217238772391,5
0.646678297072522,1.21416171446975,0.351167551873146,5
0.429217238772391,0.351167551873146,0.76645085773618,5
2.43766228133119,0.600000407556608,0.405161746900041,6
0.600000407556608,1.25791987973303,0.322713447536221,6
0.405161746900041,0.322713447536221,0.756956497574642,6
2.45664693894095,0.666039093884917,0.452357380343694,7
0.666039093884917,1.34495689724641,0.373999514464656,7
0.452357380343694,0.373999514464656,0.77580507988038,7
2.26677782682882,0.6738604751748,0.433691631407143,8
0.6738604751748,1.50533658750458,0.413161181641157,8
0.433691631407143,0.413161181641157,0.769294559702901,8
2.08009957894985,0.60664479478828,0.401822380878708,9
0.60664479478828,1.38808175476238,0.397586192501542,9
0.401822380878708,0.397586192501542,0.762849712443774,9
2.06619132926427,0.537149628875254,0.354863387677929,10
0.537149628875254,1.33492970571849,0.395024150918936,10
0.354863387677929,0.395024150918936,0.757534792661859,10
2.55747426870817,0.633631893208886,0.558253898076739,11
0.633631893208886,1.30254297478116,0.428843584001381,11
0.558253898076739,0.428843584001381,0.854422914021499,11
2.34903112742901,0.626278909153955,0.515035753569591,12
0.626278909153955,1.37644051702672,0.424430152666055,12
0.515035753569591,0.424430152666054,0.829664447627467,12
2.26370114644476,0.584808261314505,0.534100108964337,13
0.584808261314505,1.26419427061341,0.403416038411553,13
0.534100108964337,0.403416038411553,0.870468797774972,13
2.12140923637404,0.748595863141879,0.510096787441978,14
0.748595863141879,2.26993481678694,0.556213227949307,14
0.510096787441978,0.556213227949307,0.861065801471914,14
2.64632401364809,0.670657078231349,0.511545545919587,15
0.670657078231349,1.94815132785105,0.499603183807052,15
0.511545545919587,0.499603183807052,0.83497445203519,15
2.55748598747548,0.589368505852393,0.518614901407147,16
0.589368505852393,1.73175129698645,0.43719808153546,16
0.518614901407147,0.43719808153546,0.834677995756702,16
2.3473134034206,0.531617558712427,0.490525622046924,17
0.531617558712427,1.55681581870015,0.390859518505894,17
0.490525622046924,0.390859518505894,0.828289733307014,17
2.20514965223242,0.484646143349636,0.468966799684893,18
0.484646143349636,1.4103413963529,0.359897667335901,18
0.468966799684893,0.359897667335901,0.811302555324596,18
2.04468825908025,0.451092119583962,0.43980570365853,19
0.451092119583962,1.39365918684617,0.338481914744417,19
0.43980570365853,0.338481914744417,0.791759888017002,19
1.89709378226829,0.432853688021821,0.412994696508166,20
0.432853688021821,1.30887596293687,0.335485298136825,20
0.412994696508166,0.335485298136825,0.779292925761339,20
1.8797228463799,0.500929494223223,0.430299685122303,21
0.500929494223223,1.43231924826353,0.387463223962938,21
0.430299685122303,0.387463223962938,0.786583128305231,21
1.78623694886245,0.462492489898645,0.420611310532255,22
0.462492489898645,1.30534122515829,0.355879134306638,22
0.420611310532255,0.355879134306638,0.789097843572029,22
2.0207742565746,0.651466201891781,0.470957206780587,23
0.651466201891781,1.59273790106366,0.424012845281161,23
0.470957206780587,0.424012845281161,0.786629471948323,23
1.90966590515567,0.616549084427738,0.412760187031263,24
0.616549084427738,1.49808507073687,0.366750441151127,24
0.412760187031263,0.366750441151127,0.800453899732805,24
1.88578667286523,0.539818619671605,0.391440087070784,25
0.539818619671605,1.6429653071783,0.371502174668327,25
0.391440087070784,0.371502174668327,0.778548777300621,25
1.94251752476245,0.496002910142057,0.388089861036511,26
0.496002910142057,1.46260180885399,0.346379901263907,26
0.388089861036511,0.346379901263907,0.758957104350619,26
1.81096663020708,0.459324590357076,0.352913485787508,27
0.459324590357076,1.32374284935998,0.328656030107552,27
0.352913485787508,0.328656030107552,0.800624184902286,27
1.6967153353024,0.693591266812241,0.336165985205195,28
0.693591266812242,12.7321873393785,0.115586851103713,28
0.336165985205195,0.115586851103713,0.793415725344054,28
1.64546248647861,0.629047008840386,0.357944877749047,29
0.629047008840386,9.60150225835591,0.159591507329877,29
0.357944877749047,0.159591507329877,0.829949806818929,29
1.56074298283952,0.56489969236045,0.344372469805475,30
0.56489969236045,7.29551735487544,0.184247998318559,30
0.344372469805475,0.184247998318559,0.815219353299056,30
1.49651917249119,0.508488441344265,0.323970545117158,31
0.508488441344264,5.61942325289736,0.202077962740016,31
0.323970545117158,0.202077962740016,0.799010377986247,31
1.45330901594019,0.493961311990331,0.260742342523412,32
0.493961311990331,4.64958162420407,0.12299511780522,32
0.260742342523411,0.122995117805219,1.01209536282267,32
1.93543356088,0.52343027413765,0.385244380548724,33
0.52343027413765,3.6910979530979,0.15814200584244,33
0.385244380548724,0.15814200584244,1.01713694232154,33
2.1882967410442,0.53425848302333,0.390916806220295,34
0.53425848302333,2.9983122212843,0.173830777395684,34
0.390916806220295,0.173830777395684,0.980474739606532,34
2.06269468734882,0.477397066586563,0.327580203244198,35
0.477397066586563,2.54707566747606,0.231956068004771,35
0.327580203244198,0.231956068004771,1.08391078435256,35
1.94026110665462,0.437971950164011,0.309846317505659,36
0.437971950164011,2.11933592235268,0.233389945274596,36
0.309846317505659,0.233389945274596,1.05479048255912,36
1.87457954056155,0.434056358226898,0.319637958491479,37
0.434056358226898,1.86681957170292,0.244335852403982,37
0.319637958491479,0.244335852403982,1.02157370462933,37
1.77409911314222,0.417707114021433,0.292503369459281,38
0.417707114021433,1.65784073650569,0.226135156849445,38
0.292503369459281,0.226135156849445,1.03229753053501,38
1.66625715768745,0.449298945465985,0.289925504702564,39
0.449298945465985,2.04025567963957,0.29064433796308,39
0.289925504702564,0.29064433796308,1.00144035089011,39
1.62354591482889,0.408903166975886,0.306796422103947,40
0.408903166975886,1.80874626039867,0.270393299206483,40
0.306796422103947,0.270393299206483,0.982299788791821,40
1.54042580044515,0.44955600635098,0.299069828061811,41
0.44955600635098,2.61302158258263,0.343438726341957,41
0.299069828061811,0.343438726341957,0.949805582111659,41
1.89793013424271,0.485113382049931,0.301575804346341,42
0.48511338204993,2.19916293724378,0.323858798824759,42
0.301575804346341,0.323858798824759,0.918368936133877,42
1.77275775452988,0.445352127879159,0.302949337951824,43
0.445352127879159,1.86340591112232,0.305898083574104,43
0.302949337951824,0.305898083574104,0.941682087779896,43
1.82837522487591,0.390717368803863,0.312611988559397,44
0.390717368803863,1.75626462289236,0.29779054163401,44
0.312611988559397,0.29779054163401,0.910939823261722,44
1.71310933015052,0.371325058019584,0.299581785994127,45
0.371325058019584,1.53940816004744,0.284501033474457,45
0.299581785994127,0.284501033474457,0.906960135987196,45
1.64184833133444,0.352287868770492,0.289503251700609,46
0.352287868770492,1.39400824946946,0.28094922824368,46
0.289503251700609,0.28094922824368,0.87977946734018,46
1.77703962061709,0.335963785892682,0.297693526303508,47
0.335963785892682,1.28681079459559,0.275072139339282,47
0.297693526303508,0.275072139339282,0.85247126609931,47
2.37900397743463,0.245530668377819,0.352177737848606,48
0.245530668377819,1.3591490666363,0.270251412183887,48
0.352177737848606,0.270251412183887,0.829372230830939,48
2.41050577953087,0.239608724336161,0.308849018486407,49
0.239608724336161,1.27996359508758,0.280291073120409,49
0.308849018486407,0.280291073120409,0.820563261358846,49
2.20246580158458,0.256010687439934,0.304422456397021,50
0.256010687439934,1.20323135742699,0.282157396216072,50
0.304422456397021,0.282157396216072,0.808064590827214,50
2.02649484548037,0.267488845692787,0.299331527299758,51
0.267488845692787,1.14091226834221,0.284167629891819,51
0.299331527299758,0.284167629891819,0.808215433327837,51
1.88119212069593,0.274706492895093,0.295802647011484,52
0.274706492895093,1.08779259025699,0.276949352547729,52
0.295802647011484,0.276949352547729,0.795195393192557,52
2.87829580886752,0.450384935335791,0.753536301151326,53
0.450384935335791,1.1216039212249,0.363320650957687,53
0.753536301151326,0.363320650957687,1.05959777759942,53
3.00020215897806,0.708680460233827,0.716854085716545,54
0.708680460233827,1.66667523439955,0.405305858683094,54
0.716854085716545,0.405305858683094,1.02017239008498,54
3.57185143010239,0.591332329102297,0.468280340409442,55
0.591332329102297,1.63646616641032,0.487992340243026,55
0.468280340409442,0.487992340243026,1.1783042864887,55
3.19659808762838,0.544158377444321,0.44725581276084,56
0.544158377444321,1.45380543928413,0.449670824414621,56
0.44725581276084,0.449670824414621,1.13240400000308,56
2.91703205880826,0.506616502496911,0.385954270836774,57
0.506616502496911,1.31686470837253,0.418703468135201,57
0.385954270836774,0.418703468135201,1.20499850230971,57
2.79878244332083,0.439783222711882,0.373839124459177,58
0.439783222711882,1.52011033993114,0.434290399576566,58
0.373839124459177,0.434290399576566,1.15647765914747,58
2.91895160060324,0.508918090038147,0.554276784865851,59
0.508918090038147,1.45444300097752,0.490827298166669,59
0.554276784865851,0.490827298166669,1.33166255531354,59
3.73860739896734,0.736499483878717,0.757685430718342,60
0.736499483878717,1.53117058886766,0.550987506925644,60
0.757685430718342,0.550987506925644,1.35791125493225,60
3.75923852779741,0.79679504884773,0.706490991306067,61
0.79679504884773,1.52809706494775,0.516488879144092,61
0.706490991306067,0.516488879144092,1.29918488131798,61
3.35183601854366,0.705004569707413,0.633224972216476,62
0.705004569707413,1.39274164766562,0.492052566848877,62
0.633224972216476,0.492052566848877,1.27905691600322,62
3.67465755119307,0.719080867295698,0.707864834842352,63
0.719080867295698,1.29098492605079,0.471624628168771,63
0.707864834842352,0.471624628168771,1.25615947603074,63
3.75615886950607,0.812413328567982,0.732811088642333,64
0.812413328567982,1.37091732798532,0.494452261432345,64
0.732811088642333,0.494452261432345,1.22369194187008,64
3.41918976700957,0.716948621946623,0.678776378362162,65
0.716948621946623,1.35789328623175,0.460905277209215,65
0.678776378362162,0.460905277209215,1.17548533888583,65
3.75660598742036,0.642414100025418,0.729496544891936,66
0.642414100025418,1.27932772188361,0.419377295557673,66
0.729496544891936,0.419377295557673,1.14571587798591,66
5.04027626262283,0.34945966010297,0.69832596702307,67
0.34945966010297,1.76611876781585,0.479372796630384,67
0.69832596702307,0.479372796630384,1.10432016867615,67
4.47101725157423,0.344213809469363,0.679349418491079,68
0.344213809469363,1.69592658340898,0.392499957105683,68
0.679349418491079,0.392499957105683,1.14204081323566,68
4.02137289974643,0.362979702294156,0.627596637851004,69
0.362979702294156,1.50312196626127,0.370401208739977,69
0.627596637851004,0.370401208739977,1.09691873422018,69
3.8575974805996,0.48744820983804,0.651020243318085,70
0.48744820983804,1.6021903668265,0.42534938623566,70
0.651020243318085,0.42534938623566,1.08730662053902,70
3.60473540151924,0.500939902003497,0.612996252088172,71
0.500939902003497,1.46537694187255,0.403009022003599,71
0.612996252088172,0.403009022003599,1.04672127631947,71
3.20797987315626,0.482336290924993,0.564199001109243,72
0.482336290924993,1.37548139950211,0.390848327209393,72
0.564199001109243,0.390848327209393,1.01185633761197,72
3.32155791884181,0.54289399779787,0.609499990756862,73
0.54289399779787,1.32222367644151,0.396526620300213,73
0.609499990756862,0.396526620300213,0.99844827315725,73
3.01661879582463,0.496866237193397,0.564322400088698,74
0.496866237193397,1.28477886041188,0.374569699747052,74
0.564322400088698,0.374569699747052,0.964222972191594,74
2.70996227771274,0.468801629472751,0.516747328060991,75
0.468801629472751,1.22478506839139,0.361775902160831,75
0.516747328060991,0.361775902160831,0.932226855773086,75
2.51536527807449,0.436673900217905,0.496528540248716,76
0.436673900217905,1.16775206497154,0.337627698739345,76
0.496528540248716,0.337627698739345,0.911118502311819,76
2.31255769895189,0.422300686513346,0.454837074915102,77
0.422300686513346,1.11148802374227,0.32302788184059,77
0.454837074915102,0.32302788184059,0.88420943030172,77
2.65755128104374,0.65844356858669,0.466341210730205,78
0.658443568586689,1.41537253736596,0.352695594543249,78
0.466341210730205,0.352695594543249,0.857229464209334,78
2.60754379936577,0.564346772541003,0.448770658197533,79
0.564346772541003,1.52225435156613,0.3487045530303,79
0.448770658197533,0.3487045530303,0.831599260508965,79
3.16586976990065,0.548196491389178,0.522809457269822,80
0.548196491389178,1.3689907577624,0.326217308877257,80
0.522809457269822,0.326217308877257,0.817887149864111,80
3.16535185080117,0.740271036139556,0.43286105057249,81
0.740271036139556,1.76397097086377,0.26544838719299,81
0.43286105057249,0.26544838719299,0.822043932748964,81
2.83422278873481,0.657979032662239,0.406815865022673,82
0.657979032662239,1.56138097718888,0.275005986206556,82
0.406815865022673,0.275005986206556,0.835960873978013,82
2.55763642568486,0.59018333056342,0.388457169301431,83
0.59018333056342,1.39778534545306,0.262587979608809,83
0.388457169301431,0.262587979608809,0.850195059236734,83
2.55474409228017,0.496976084274087,0.323787774255167,84
0.496976084274087,1.57542430088222,0.337286082847866,84
0.323787774255167,0.337286082847866,0.854639865994446,84
2.3226392582008,0.466711157974127,0.313086475640873,85
0.466711157974127,1.43778125991477,0.312461830294674,85
0.313086475640873,0.312461830294674,0.838105104078376,85
2.54912277132264,0.402287751367905,0.310817079902034,86
0.402287751367905,1.38924393216423,0.311032930031206,86
0.310817079902034,0.311032930031206,0.814231963071514,86
2.33014197517851,0.383536907359949,0.281324603190016,87
0.383536907359949,1.28950471827294,0.321526140962563,87
0.281324603190016,0.321526140962562,0.867981203339798,87
2.54984175773724,0.481044287633658,0.337916036158373,88
0.481044287633658,1.30150340413062,0.337208902583998,88
0.337916036158373,0.337208902583998,0.851255287919175,88
2.82760488001604,0.587801000845293,0.396185769726917,89
0.587801000845293,1.32793387612447,0.354039332898556,89
0.396185769726917,0.354039332898556,0.836195612057264,89
2.68904968184263,0.577834818843893,0.420131455023901,90
0.577834818843893,1.26411579411912,0.357779363827478,90
0.420131455023901,0.357779363827478,0.838588393065223,90
2.63610037910621,0.627683692621834,0.376528909894867,91
0.627683692621835,1.32574462778547,0.328802963908721,91
0.376528909894867,0.328802963908721,0.823713645913818,91
2.42884708369192,0.584513050494584,0.370680069298721,92
0.584513050494584,1.24309964255657,0.322681793930971,92
0.370680069298721,0.322681793930971,0.806844489835743,92
2.37992379395284,0.398360165953353,0.420272035896115,93
0.398360165953353,4.58352633876718,0.0721491918007959,93
0.420272035896115,0.0721491918007959,0.836165407400232,93
2.17834151064756,0.401869171135889,0.397186276012889,94
0.401869171135889,3.82572113989054,0.126567462390991,94
0.397186276012889,0.126567462390991,0.816895210816418,94
2.02404986282074,0.411024476693979,0.383401150046955,95
0.411024476693979,3.25273466510669,0.172988551931163,95
0.383401150046955,0.172988551931163,0.802442732356056,95
6.2144609317742,0.906281863866054,1.43973897563301,96
0.906281863866054,2.88206584149538,0.312416781212088,96
1.43973897563301,0.312416781212088,1.0685975719232,96
5.98602233901529,0.792775811405335,1.4007589062716,97
0.792775811405335,2.42054597516926,0.280538437236902,97
1.4007589062716,0.280538437236902,1.08369063915726,97
5.20831914744599,0.726045392052053,1.23102973386853,98
0.726045392052053,2.26313761872686,0.276411918667802,98
1.23102973386853,0.276411918667802,1.04430368747948,98
4.58098595462051,0.690564189825673,1.1070125850209,99
0.690564189825673,2.08778404330268,0.324423147577766,99
1.1070125850209,0.324423147577766,1.05747217034282,99
4.35466572487,0.620805459598995,1.04368809912637,100
0.620805459598995,1.79754812313969,0.30350419167685,100
1.04368809912637,0.30350419167685,1.03419821962004,100
3.8516654778087,0.574538500283964,0.927951769769531,101
0.574538500283964,1.59388128119881,0.298536533542889,101
0.927951769769531,0.298536533542889,0.998970947048856,101
3.4421073901791,0.528054457964103,0.828720417161533,102
0.528054457964103,1.41981897905936,0.288881158784177,102
0.828720417161533,0.288881158784177,0.964115547928651,102
3.35033399609835,0.496253455928656,0.763891845000545,103
0.496253455928656,1.29520310084311,0.281655270915414,103
0.763891845000545,0.281655270915414,0.931073412320172,103
3.03613097796684,0.485195901252929,0.684314386835885,104
0.485195901252929,1.23475768367504,0.276180933974868,104
0.684314386835885,0.276180933974868,0.900864513642098,104
3.36150468043653,0.95870172005199,0.773952139365956,105
0.95870172005199,2.29064677299828,0.507196096710014,105
0.773952139365957,0.507196096710014,0.923395719951904,105
3.47276731129344,0.912960631147365,0.783005080597727,106
0.912960631147365,1.97618891038787,0.473857171995893,106
0.783005080597727,0.473857171995893,0.911224932599771,106
3.09220150507076,0.857961929050237,0.698601974556496,107
0.857961929050237,2.12940434014588,0.517533685453278,107
0.698601974556496,0.517533685453278,0.901333003292856,107
3.23172412863149,0.770102377204098,0.669571548161517,108
0.770102377204098,1.81554220208726,0.463946596066396,108
0.669571548161517,0.463946596066396,0.872970804047995,108
2.89755199398175,0.689862913799198,0.607648926680879,109
0.689862913799198,1.62264295687371,0.432553155340241,109
0.607648926680879,0.432553155340241,0.850002133894382,109
3.13090726801494,1.12380068736878,0.664561694776086,110
1.12380068736878,2.6969320284437,0.618362652880306,110
0.664561694776086,0.618362652880306,0.853640520108564,110
2.92123081385226,0.980420451129112,0.614362931597948,111
0.980420451129112,2.25769008463176,0.548090519274816,111
0.614362931597948,0.548090519274816,0.829213358066968,111
3.00251746652874,0.897821253656269,0.519781243386258,112
0.897821253656268,1.92075489681113,0.477980917412614,112
0.519781243386258,0.477980917412614,0.826926107359848,112
3.45548365117319,1.0332956903322,0.732875610805031,113
1.0332956903322,1.92019695580886,0.558257567879281,113
0.732875610805031,0.558257567879281,0.945701745116948,113
3.30562899498903,0.901491561546758,0.614173573763104,114
0.901491561546758,1.65973874486833,0.503283653239009,114
0.614173573763104,0.503283653239009,0.962075198574834,114
3.08288299191446,0.931187457249234,0.638056605331094,115
0.931187457249234,1.82973617875273,0.603977781422971,115
0.638056605331094,0.603977781422971,1.0353803599901,115
2.76485096734611,0.839987589936634,0.582150639782596,116
0.839987589936634,1.80427424653464,0.653505844089769,116
0.582150639782597,0.653505844089769,1.13050363143178,116
2.66843297103899,0.807011073642656,0.648574322584776,117
0.807011073642656,1.67908309282735,0.666200878019484,117
0.648574322584776,0.666200878019484,1.25225685462188,117
2.77488360688735,0.95974295326674,0.650722231483468,118
0.95974295326674,1.95318528067276,0.689869297216844,118
0.650722231483468,0.689869297216844,1.20821816922391,118
2.51757044353183,0.857368472680687,0.619265501752359,119
0.857368472680687,1.99098256177145,0.556655759722029,119
0.619265501752359,0.556655759722029,1.27861098734552,119
2.68730668026368,0.747320007665093,0.625063807735158,120
0.747320007665094,1.74321334295548,0.500236987542112,120
0.625063807735158,0.500236987542112,1.22996101586062,120
3.07471219545431,0.751514454723255,1.10138171321856,121
0.751514454723255,1.55164729410411,0.543133486490402,121
1.10138171321856,0.543133486490402,2.07332373004647,121
2.92991083642441,0.695310269102292,1.03164726170807,122
0.695310269102292,1.40023317814978,0.511586504033824,122
1.03164726170807,0.511586504033824,1.98414236999412,122
3.71916208031025,0.748652892919677,1.00740285040275,123
0.748652892919677,1.29730589710663,0.478743798834954,123
1.00740285040275,0.478743798834954,1.88311064222147,123
4.13370599891794,0.93809092382432,0.997164439772679,124
0.93809092382432,1.45910183834011,0.494373310060045,124
0.997164439772679,0.494373310060045,1.79002645157857,124
4.29925499990626,0.898736502246093,0.796192742178579,125
0.898736502246093,1.3326902485897,0.448332159748917,125
0.796192742178579,0.448332159748917,1.85900017427422,125
4.58430658337516,0.849277225034022,0.809460701622831,126
0.849277225034022,1.22805174080115,0.426425673627225,126
0.809460701622831,0.426425673627225,1.76957442504309,126
4.79659689961258,0.989719698169665,1.03464924933344,127
0.989719698169665,1.35873501059741,0.564074317050981,127
1.03464924933344,0.564074317050981,1.94522118362255,127
4.93966264417156,1.05513450227348,1.18477986911699,128
1.05513450227348,1.3838304702728,0.629938485476829,128
1.18477986911699,0.629938485476829,2.03438134913688,128
4.34917592082993,0.947276808258271,1.05535114535553,129
0.947276808258271,1.32281988571333,0.581081393246232,129
1.05535114535553,0.581081393246232,1.93249381079984,129
4.19861442968596,0.910320918306928,1.00964646852306,130
0.910320918306928,1.26330504045027,0.556303198998063,130
1.00964646852306,0.556303198998063,1.84462107953766,130
3.75182801304768,0.802402899162411,0.878849648936314,131
0.802402899162411,1.20843660873518,0.552302357372927,131
0.878849648936314,0.552302357372927,1.83833946068069,131
3.692556353257,0.807777515335379,0.896653013027182,132
0.807777515335379,1.19832923192727,0.554738028862339,132
0.896653013027182,0.554738028862339,1.79103074638513,132
3.3227010677664,0.719018730642915,0.79426984118639,133
0.719018730642915,1.17062168718482,0.543253781866031,133
0.79426984118639,0.543253781866031,1.72990409201984,133
3.40567020399989,0.749392564913968,0.881564414311242,134
0.749392564913968,1.16912407714283,0.56226823261022,134
0.881564414311242,0.56226823261022,1.74508689926312,134
3.04122323946447,0.74113840629895,0.799504962074055,135
0.74113840629895,1.3992007690162,0.59508143792272,135
0.799504962074055,0.59508143792272,1.66767820108507,135
2.74284581016526,0.662081018677584,0.732186965535737,136
0.662081018677584,1.27746376660527,0.547308471833568,136
0.732186965535737,0.547308471833568,1.5960043597993,136
2.78558374299001,0.645224714979307,0.827383886644665,137
0.645224714979307,1.20105055724346,0.535325896697642,137
0.827383886644665,0.535325896697642,1.67223624853074,137
2.58001591884396,0.587410754272359,0.744350104144823,138
0.587410754272359,1.133443331604,0.501842229056696,138
0.744350104144823,0.501842229056696,1.59413526050392,138
2.71455273154054,0.745177410764033,0.762315826601529,139
0.745177410764033,1.38057241000486,0.559063633308875,139
0.76231582660153,0.559063633308876,1.53835260663877,139
2.46520033972515,0.662250093681004,0.682962871832684,140
0.662250093681004,1.26396989632154,0.516929943598598,140
0.682962871832684,0.516929943598598,1.4857088890465,140
2.72807188290649,0.640218947066406,0.571638853254263,141
0.640218947066406,1.17832233860225,0.477785159316951,141
0.571638853254263,0.477785159316951,1.45424749089609,141
2.88599123861199,0.723410716948776,0.509944155218068,142
0.723410716948776,1.24644019320696,0.439909753010179,142
0.509944155218069,0.439909753010179,1.40175509195521,142
2.9984128263128,0.653608459796067,0.417701210538018,143
0.653608459796067,1.18078944014623,0.433562775007863,143
0.417701210538018,0.433562775007863,1.38387295141191,143
2.6940215546252,0.60243986337401,0.407601924350253,144
0.60243986337401,1.16648541514095,0.389291199510816,144
0.407601924350253,0.389291199510816,1.3645858642914,144
2.61644581834086,0.606227560305213,0.464731435270563,145
0.606227560305213,1.15429676760098,0.4096081460113,145
0.464731435270563,0.4096081460113,1.35472954780206,145
3.11177553110215,0.749775968520289,0.529459530581041,146
0.749775968520289,1.23016337570314,0.425777668227471,146
0.529459530581041,0.425777668227471,1.30232782352724,146
2.88958574421922,0.67024252745338,0.48208177066863,147
0.67024252745338,1.16445375532813,0.411293413667888,147
0.48208177066863,0.411293413667888,1.25741337004336,147
2.82052514492089,0.630930468918887,0.513157136167277,148
0.630930468918887,1.10612957064521,0.394986021819085,148
0.513157136167277,0.394986021819085,1.22766031049744,148
3.55357295870897,0.599526482322027,0.581623442395425,149
0.599526482322027,1.07356785362227,0.37496269051946,149
0.581623442395425,0.37496269051946,1.18167678058248,149
3.16750378078392,0.561965500565226,0.537936807976464,150
0.561965500565226,1.04959742351915,0.360737257869362,150
0.537936807976464,0.360737257869362,1.13481561308523,150
2.99407229432821,0.739025856247431,0.584860337991617,151
0.739025856247431,1.63389848831031,0.579206235420069,151
0.584860337991617,0.579206235420069,1.18754584825636,151
2.69604580985166,0.909313393224929,0.53896210167003,152
0.90931339322493,6.77992371449598,0.83705389257646,152
0.53896210167003,0.83705389257646,1.13983723826002,152
2.47892692979511,0.782297312991976,0.509033724374943,153
0.782297312991976,5.35687039761919,0.723531295325001,153
0.509033724374943,0.723531295325001,1.09767258549065,153
3.13027334021151,0.859369729868507,0.773609454559856,154
0.859369729868507,4.33213024289694,0.697281298535182,154
0.773609454559856,0.697281298535182,1.20496463331569,154
2.83264146537043,0.757709643245925,0.717237149798718,155
0.757709643245925,3.46843919669768,0.630309812223153,155
0.717237149798718,0.630309812223152,1.19265206288592,155
4.10240034265785,1.08827435552438,1.0294527256986,156
1.08827435552438,3.30750556772722,0.704276952783349,156
1.0294527256986,0.704276952783349,1.25373485653857,156
3.62913856869618,0.941741208571696,0.918809459110521,157
0.941741208571696,2.75703941126258,0.639933608377538,157
0.918809459110521,0.639933608377538,1.21500246835569,157
5.04226506632538,1.00166232659381,1.39514835257935,158
1.00166232659381,2.29976213550229,0.607149069905964,158
1.39514835257935,0.607149069905964,1.43347155879845,158
5.89954392205633,1.42412816439793,1.61741834733635,159
1.42412816439793,2.7330399499626,0.794101278028549,159
1.61741834733635,0.794101278028549,1.51628325785881,159
5.13038935684106,1.20253520346242,1.41260924235472,160
1.20253520346242,2.29769685015668,0.684676336570052,160
1.41260924235472,0.684676336570052,1.48575817050988,160
4.5506117821252,1.0209293673746,1.23529157438504,161
1.0209293673746,1.95399866741393,0.614808010208808,161
1.23529157438504,0.614808010208808,1.42188116020709,161
5.4935839331685,1.7720894034199,1.66984868597863,162
1.7720894034199,3.16083890950211,1.14218844312223,162
1.66984868597863,1.14218844312223,1.74772614607107,162
8.22027270820561,1.97087089375974,2.19118076641674,163
1.97087089375974,2.70454537340889,1.06950036682947,163
2.19118076641674,1.06950036682947,1.8312412092634,163
7.0822804159766,1.68085304192448,1.90699131593503,164
1.68085304192448,2.41665131248554,0.974916409284032,164
1.90699131593503,0.974916409284032,1.75622711774891,164
7.35266763115546,1.9157740914257,1.91878672500267,165
1.9157740914257,2.6695712263036,1.04066052440285,165
1.91878672500267,1.04066052440285,1.7354970759968,165
6.56175100611842,1.79593275356134,1.65592295381648,166
1.79593275356134,4.06450716401941,1.22587205341883,166
1.65592295381648,1.22587205341883,1.67167792476126,166
8.65547629930161,1.53856471533121,1.76773434585781,167
1.53856471533121,3.40456652152309,1.04253248476926,167
1.76773434585781,1.04253248476926,1.60159234698558,167
8.2617520370653,1.27523989978899,1.6148872764523,168
1.27523989978899,3.04537867835037,0.922356356194568,168
1.6148872764523,0.922356356194568,1.52598851624256,168
8.00971493089535,1.18562257374466,1.50207161695037,169
1.18562257374466,2.5138258314257,0.804142230859094,169
1.50207161695037,0.804142230859094,1.4578504918633,169
7.04853231787961,1.01765532502542,1.344233984565,170
1.01765532502542,2.22016751426224,0.702982353432545,170
1.344233984565,0.702982353432545,1.39865399930257,170
6.65364710250483,1.21324649370391,1.13491340216085,171
1.21324649370391,2.55112850170484,0.604696898826566,171
1.13491340216085,0.604696898826566,1.37432657838423,171
9.28199810301797,2.47919881184996,2.20232550744273,172
2.47919881184996,3.95339185344934,1.36784920027081,172
2.20232550744273,1.36784920027081,2.03494420452841,172
8.66132021031331,2.42116667373602,2.04619712387148,173
2.42116667373602,3.86541119263991,1.31936654348055,173
2.04619712387148,1.31936654348055,1.96033989421173,173
7.44938383535352,1.98171191784686,1.80075979611024,174
1.98171191784686,3.18242743333609,1.09470873674345,174
1.80075979611024,1.09470873674345,2.01058960218337,174
7.86261741222173,2.09421854489283,1.88994584418467,175
2.09421854489283,3.0670494190649,1.10713910984157,175
1.88994584418467,1.10713910984157,2.00615172173184,175
7.20919089917625,1.73864521259673,1.54547766084042,176
1.73864521259673,2.9425949314701,1.17373300168934,176
1.54547766084042,1.17373300168934,2.14992207499367,176
6.22991792955879,1.44108509088314,1.36711931825241,177
1.44108509088314,2.42931262342625,1.00772359846447,177
1.36711931825241,1.00772359846447,2.03867100007966,177
5.86857626365446,1.45002820407309,1.35946520582468,178
1.45002820407309,2.41353278077497,1.02507581553822,178
1.35946520582468,1.02507581553822,2.02361672065283,178
6.58174628436016,1.61845756409115,1.50011746263935,179
1.61845756409115,2.35382398949612,1.01917113244613,179
1.50011746263935,1.01917113244613,1.99379935317563,179
5.74847254315469,1.35874489987891,1.3242295879182,180
1.35874489987891,1.9883799132939,0.885195942033682,180
1.3242295879182,0.885195942033682,1.89103858597055,180
5.00837743884631,1.1487382286358,1.18272055339773,181
1.1487382286358,1.72811693861301,0.766770759751945,181
1.18272055339773,0.766770759751945,1.84729398875185,181
4.61356353624424,1.03335184410274,1.08954566144623,182
1.03335184410274,1.54676408424676,0.695475844120391,182
1.08954566144623,0.695475844120391,1.75958329999553,182
5.69966994936173,0.898896523728669,1.2122660940284,183
0.898896523728669,1.44402554516101,0.616108742293381,183
1.2122660940284,0.616108742293381,1.69852905830846,183
4.97666994092132,0.846902900054519,1.07493178351463,184
0.846902900054519,1.46941475666098,0.579000007194339,184
1.07493178351463,0.579000007194339,1.61654953447846,184
4.61064450979541,0.763248639484779,0.993645482103515,185
0.763248639484779,1.32896934374358,0.530453768101761,185
0.993645482103515,0.530453768101761,1.5423169369947,185
4.08924348888254,0.761815599806946,0.922528970423125,186
0.761815599806946,1.4437222111745,0.593738657708596,186
0.922528970423125,0.593738657708596,1.53865634596195,186
5.04785506615946,1.17176834123673,1.13723299755831,187
1.17176834123673,1.79654692276422,0.721232962010798,187
1.13723299755831,0.721232962010798,1.54208676839037,187
6.07052236924224,1.34870343442887,1.42845082487363,188
1.34870343442887,1.76093745691004,0.760582317720424,188
1.42845082487363,0.760582317720424,1.61679811413992,188
6.9004080375778,1.38583855416482,1.31433707846146,189
1.38583855416482,1.61607939372224,0.676345119801431,189
1.31433707846146,0.676345119801431,1.54523948733841,189
5.99792388906434,1.1982449856207,1.16491650054174,190
1.1982449856207,1.45768923386972,0.612229535290184,190
1.16491650054174,0.612229535290184,1.47286423112182,190
5.55338972142507,1.14797578004843,1.05720709879265,191
1.14797578004843,1.42684879269027,0.572256253886254,191
1.05720709879265,0.572256253886254,1.40522736618954,191
6.58256100441358,1.29435814181313,1.2955954754239,192
1.29435814181313,1.41773532180392,0.599778103129333,192
1.2955954754239,0.599778103129333,1.43403709079587,192
5.80435664700195,1.11538136011383,1.13579676038751,193
1.11538136011383,1.31778395436967,0.557471115121487,193
1.13579676038751,0.557471115121487,1.3745345046217,193
5.99562186878349,1.39867709636695,1.30009493936841,194
1.39867709636695,1.70085768628752,0.749343454662096,194
1.30009493936841,0.749343454662097,1.4760120872579,194
5.23805636745286,1.20786908509422,1.12356949329024,195
1.20786908509422,1.53503429103888,0.64523495732926,195
1.12356949329024,0.64523495732926,1.4759340608165,195
4.97007026865306,1.1615665773383,1.03676630967438,196
1.1615665773383,1.48461281442457,0.604249642137687,196
1.03676630967438,0.604249642137687,1.40902621552697,196
4.86739549152805,1.43420555414807,1.09603716625291,197
1.43420555414807,2.09015392255876,0.810853310726664,197
1.0960371662529,0.810853310726664,1.44836973990863,197
4.26529627260038,1.20475208636153,0.974789961013709,198
1.20475208636153,1.8127425286452,0.708513406745459,198
0.974789961013709,0.708513406745459,1.38807819880646,198
4.7538827599927,1.18894345135899,1.14594593256217,199
1.18894345135899,1.6312446471395,0.675795246866551,199
1.14594593256217,0.675795246866551,1.43586362907914,199
4.30036682441239,1.01645906389789,1.10054964685607,200
1.01645906389789,1.52428388876365,0.563789501420781,200
1.10054964685607,0.563789501420781,1.50478938491091,200
4.16914383635485,0.891301421849487,1.03366616957969,201
0.891301421849487,1.38077782141465,0.514278239598647,201
1.03366616957969,0.514278239598647,1.44055915451967,201
3.88989559531901,0.79799823341096,1.05830748891627,202
0.79799823341096,1.26364711847947,0.472797672320136,202
1.05830748891627,0.472797672320136,1.57492976543968,202
3.74186638247259,0.669311993419852,0.948264015700801,203
0.669311993419852,1.90073116619743,0.550198034171613,203
0.948264015700801,0.550198034171613,1.50386407637397,203
3.38435761737319,0.616799601151063,0.843688479973538,204
0.616799601151063,1.65629813501241,0.500022741770603,204
0.843688479973538,0.500022741770603,1.43919784387372,204
3.5131094090055,0.811658132585314,0.84114391855138,205
0.811658132585314,1.90228001201878,0.544403413874607,205
0.84114391855138,0.544403413874607,1.38397725786756,205
3.13690497003278,0.711523355037692,0.759158180386274,206
0.711523355037692,1.65372939847353,0.49629104270066,206
0.759158180386274,0.49629104270066,1.32253758959422,206
3.07353035075568,0.633875706890251,0.709075373206712,207
0.633875706890251,1.47853947039102,0.458863974198472,207
0.709075373206712,0.458863974198472,1.26514794136419,207
2.78601398859694,0.578676571783157,0.631321139592883,208
0.578676571783157,1.53010807097221,0.485289518577747,208
0.631321139592883,0.485289518577747,1.23213285673002,208
2.5309763983193,0.581453180164205,0.57420342878945,209
0.581453180164205,1.61457628922958,0.451152045069589,209
0.57420342878945,0.451152045069589,1.18710196228866,209
2.65555381720856,0.675787084478126,0.54800837273531,210
0.675787084478125,1.64179901083653,0.435468719338857,210
0.54800837273531,0.435468719338857,1.13908115750599,210
2.50503135879684,0.638461081404298,0.549658416412183,211
0.638461081404298,1.49626531898909,0.428186066875699,211
0.549658416412183,0.428186066875699,1.12257049079055,211
2.77256577602337,0.751665358468688,0.637000834577793,212
0.751665358468688,1.53965391222241,0.470856984522889,212
0.637000834577793,0.470856984522888,1.11910267023738,212
3.12421703080548,0.309938118630423,0.775788265180916,213
0.309938118630423,4.69766575508124,0.187406805751352,213
0.775788265180916,0.187406805751352,1.1603922366183,213
2.94309831911596,0.300163396564562,0.674593728882605,214
0.300163396564562,3.89296832557486,0.2451417680098,214
0.674593728882605,0.2451417680098,1.13659158346479,214
2.83076459021396,0.274135737017284,0.602873347311514,215
0.274135737017284,3.3945126641328,0.286080992609522,215
0.602873347311514,0.286080992609522,1.10014373518076,215
2.64376229558143,0.276663780454438,0.554850211484333,216
0.276663780454438,2.82194076499869,0.292111368950032,216
0.554850211484333,0.292111368950032,1.05865526834472,216
2.47360130000326,0.287770599720263,0.565854242561833,217
0.287770599720263,2.3251844688575,0.276723165387546,217
0.565854242561833,0.276723165387546,1.09643135974218,217
2.35806175433937,0.311993710518357,0.425731934751464,218
0.311993710518357,1.97124532902352,0.243784938688506,218
0.425731934751463,0.243784938688506,1.29126321089574,218
3.19110959743435,0.447979565470358,0.539176686222794,219
0.447979565470358,1.76847238281989,0.268018924456073,219
0.539176686222794,0.268018924456073,1.25070852646449,219
2.86032537095165,0.424819310022333,0.519554428266544,220
0.424819310022333,1.54799850574088,0.2721998647459,220
0.519554428266544,0.2721998647459,1.29982166720935,220
3.52530659448236,0.600621249792964,0.529548259207894,221
0.600621249792964,1.54854989482857,0.2802342680522,221
0.529548259207894,0.2802342680522,1.2441837280731,221
3.1934219278863,0.543072289573769,0.495723257287622,222
0.543072289573769,1.4866740011239,0.294450268052764,222
0.495723257287622,0.294450268052764,1.1947483248125,222
2.9722477079578,0.515197198632908,0.522165346745949,223
0.515197198632908,1.34478873117306,0.298395349967392,223
0.522165346745949,0.298395349967392,1.2019743782313,223
3.97029016387654,0.598148924251877,0.602492310973104,224
0.598148924251877,1.25413125650519,0.300488742211917,224
0.602492310973104,0.300488742211917,1.15697509914283,224
3.52103977112004,0.564822962503688,0.567064150096432,225
0.564822962503688,1.20370475796132,0.310967928480099,225
0.567064150096432,0.310967928480099,1.12367277841789,225
3.15013672604346,0.523881543109796,0.537537900333119,226
0.523881543109796,1.17776833496565,0.295475146113906,226
0.537537900333119,0.295475146113906,1.09211204387216,226
2.83976353464539,0.490357205167294,0.517364694951534,227
0.490357205167294,1.11522852478584,0.288666632502816,227
0.517364694951534,0.288666632502816,1.08497390354493,227
2.56184470113297,0.547370896322871,0.478029889519796,228
0.547370896322871,1.72739728779041,0.204134960828373,228
0.478029889519796,0.204134960828373,1.09530926675415,228
2.92201041828451,0.710106085519883,0.525630019103635,229
0.710106085519883,1.78855224989428,0.252452726304632,229
0.525630019103635,0.252452726304632,1.06038237395183,229
2.66369542515249,0.62784670254908,0.509810648561528,230
0.62784670254908,1.63076572713928,0.23507323843409,230
0.509810648561528,0.23507323843409,1.04614255471083,230
2.80253186191913,0.689162146045462,0.578981864568865,231
0.689162146045462,1.58201657660124,0.288167850370678,231
0.578981864568865,0.288167850370678,1.0471757884845,231
2.55334497222126,0.635978675550995,0.555279468378801,232
0.635978675550995,1.4622574863467,0.314023336058449,232
0.5552794683788,0.314023336058449,1.05790746787734,232
2.32551339880338,0.587071536384527,0.51134964901437,233
0.587071536384527,1.48382162919895,0.328801806079181,233
0.51134964901437,0.328801806079181,1.02100008233736,233
2.18241499207778,0.572649911740315,0.48334825033066,234
0.572649911740315,1.42789886471671,0.328272073858214,234
0.48334825033066,0.328272073858214,0.98482054317654,234
2.02223960320266,0.523005780872818,0.45413949628361,235
0.523005780872818,1.39262024180341,0.31867744897974,235
0.454139496283609,0.31867744897974,0.951014043789802,235
2.14891968704742,0.538065821110631,0.447911988490192,236
0.538065821110631,1.30215935109438,0.31121875987585,236
0.447911988490192,0.31121875987585,0.918960374942313,236
2.58748122169583,0.824433820879028,0.599896124463733,237
0.824433820879028,1.69279208233826,0.458030486067334,237
0.599896124463733,0.458030486067334,0.958549784303607,237
2.36052500435713,0.735579630140818,0.560580087647492,238
0.735579630140818,1.53438834835883,0.443850315439289,238
