"AAPL.T+1","IBM.T+1","MCD.T+1","MatrixID"
2.53271421218832,0.559718335875855,0.244975890753765,1
0.559718335875855,1.32117473524751,0.372297425604309,1
0.244975890753765,0.372297425604309,0.724602517510679,1
2.32495990222236,0.536460850937686,0.245749858107801,2
0.536460850937686,1.27611844485167,0.351557182013285,2
0.245749858107801,0.351557182013285,0.708206461552889,2
2.13738260410747,0.508265544164584,0.235790368479918,3
0.508265544164584,1.22394422868613,0.314199827166708,3
0.235790368479918,0.314199827166708,0.719267686097144,3
2.36560941396041,0.585584057219969,0.280005288379926,4
0.585584057219969,1.23922053796951,0.322360117515299,4
0.280005288379926,0.322360117515299,0.707038436350165,4
2.68849630654259,0.646758777570859,0.429451184761246,5
0.646758777570859,1.21416171446975,0.351304226389603,5
0.429451184761246,0.351304226389603,0.766953790999224,5
2.43766228133119,0.600046230025799,0.405366212571301,6
0.600046230025799,1.25791987973303,0.322815016186087,6
0.405366212571301,0.322815016186087,0.75743146909659,6
2.45664693894095,0.666118735012093,0.452612270201138,7
0.666118735012093,1.34495689724641,0.374158988844085,7
0.452612270201138,0.374158988844085,0.77635680300863,7
2.26677782682882,0.673930033457141,0.433920889285843,8
0.673930033457141,1.50533658750458,0.413337220605359,8
0.433920889285843,0.413337220605359,0.769824886260721,8
2.08009957894985,0.606691857847179,0.402016711541274,9
0.606691857847179,1.38808175476238,0.39775141772483,9
0.402016711541274,0.39775141772483,0.763360839872093,9
2.06619132926427,0.53714049122422,0.355001073697442,10
0.53714049122422,1.33492970571849,0.395187260141307,10
0.355001073697442,0.395187260141307,0.758032563954077,10
2.55747426870817,0.633661961975411,0.558667875879627,11
0.633661961975411,1.30254297478116,0.429109720038204,11
0.558667875879627,0.429109720038204,0.855304847887762,11
2.34903112742901,0.626307802543194,0.515370593298304,12
0.626307802543194,1.37644051702672,0.424654710107602,12
0.515370593298304,0.424654710107602,0.830432354893222,12
2.26370114644476,0.584829797697594,0.534478566688171,13
0.584829797697594,1.26419427061341,0.403648304537825,13
0.534478566688171,0.403648304537825,0.871385950514521,13
2.12140923637404,0.748615983123129,0.510428257592409,14
0.748615983123129,2.26993481678694,0.556492029010693,14
0.510428257592409,0.556492029010693,0.861919015998534,14
2.64632401364809,0.670589344245747,0.511814086984235,15
0.670589344245746,1.94815132785105,0.499821957196377,15
0.511814086984235,0.499821957196377,0.835711159405532,15
2.55748598747548,0.589284734321246,0.51888381892436,16
0.589284734321246,1.73175129698645,0.437370063864063,16
0.51888381892436,0.437370063864063,0.835398520649088,16
2.3473134034206,0.531544611362902,0.49076350994933,17
0.531544611362902,1.55681581870015,0.390997242005894,17
0.490763509949329,0.390997242005894,0.828973275737267,17
2.20514965223242,0.484579338979507,0.469170981090014,18
0.484579338979507,1.4103413963529,0.360011693537069,18
0.469170981090014,0.360011693537069,0.811914413878698,18
2.04468825908025,0.451022292965488,0.439975534951055,19
0.451022292965488,1.39365918684617,0.338564791937252,19
0.439975534951055,0.338564791937252,0.79230145033114,19
1.89709378226829,0.432804829603419,0.413139453069211,20
0.432804829603419,1.30887596293687,0.33557740372282,20
0.413139453069211,0.33557740372282,0.779797953464245,20
1.8797228463799,0.500930585556425,0.430477050379569,21
0.500930585556425,1.43231924826353,0.387617332113689,21
0.430477050379569,0.387617332113689,0.787130977950896,21
1.78623694886245,0.462489137721799,0.420788724323823,22
0.462489137721799,1.30534122515829,0.356012233397284,22
0.420788724323823,0.356012233397284,0.789666872035301,22
2.0207742565746,0.651557325791772,0.471160370914747,23
0.651557325791772,1.59273790106366,0.424187081049118,23
0.471160370914747,0.424187081049118,0.787189389671341,23
1.90966590515567,0.616628742446692,0.412910280403589,24
0.616628742446692,1.49808507073687,0.366874184344179,24
0.412910280403589,0.366874184344179,0.801077405100324,24
1.88578667286523,0.539800907248528,0.39155314232517,25
0.539800907248528,1.6429653071783,0.371615336337248,25
0.391553142325169,0.371615336337248,0.779091466761628,25
1.94251752476245,0.495968546657999,0.388182858582755,26
0.495968546657999,1.46260180885399,0.346477969519961,26
0.388182858582755,0.346477969519961,0.759433217866346,26
1.81096663020708,0.459298957733455,0.353006045397311,27
0.459298957733455,1.32374284935998,0.328774058818377,27
0.353006045397311,0.328774058818377,0.801277132706954,27
1.6967153353024,0.693311654950455,0.336252790365676,28
0.693311654950454,12.7321873393786,0.115336594224034,28
0.336252790365676,0.115336594224034,0.794035963920242,28
1.64546248647861,0.628831508418229,0.358089320114663,29
0.628831508418229,9.6015022583559,0.159452806590715,29
0.358089320114663,0.159452806590715,0.8307154380676,29
1.56074298283952,0.5647383740489,0.344502804711759,30
0.5647383740489,7.29551735487544,0.184178703925165,30
0.344502804711759,0.184178703925164,0.815922239306675,30
1.49651917249119,0.508366806024252,0.32407570487953,31
0.508366806024252,5.61942325289736,0.20206137636508,31
0.32407570487953,0.20206137636508,0.799649803060174,31
1.45330901594019,0.493883096834682,0.260848894312393,32
0.493883096834682,4.64958162420407,0.122959974047313,32
0.260848894312393,0.122959974047313,1.01350996313677,32
1.93543356088,0.523362655357255,0.385448107599213,33
0.523362655357255,3.6910979530979,0.158174605918245,33
0.385448107599213,0.158174605918245,1.01849538911247,33
2.1882967410442,0.534220869432086,0.391095310009365,34
0.534220869432086,2.9983122212843,0.173896484558105,34
0.391095310009365,0.173896484558105,0.981632679048115,34
2.06269468734882,0.477360456399056,0.3277337770987,35
0.477360456399056,2.54707566747606,0.232124858532987,35
0.3277337770987,0.232124858532987,1.0853923991797,35
1.94026110665462,0.437951761342448,0.309975425339323,36
0.437951761342448,2.11933592235268,0.233560797721458,36
0.309975425339323,0.233560797721458,1.05609040753483,36
1.87457954056155,0.434063595827794,0.319768199993695,37
0.434063595827794,1.86681957170292,0.244511332585911,37
0.319768199993695,0.244511332585911,1.0226844966531,37
1.77409911314222,0.417728826207692,0.292613047630372,38
0.417728826207692,1.65784073650569,0.226293198757794,38
0.292613047630372,0.226293198757794,1.03339287511551,38
1.66625715768745,0.449315167859822,0.290029502692799,39
0.449315167859822,2.04025567963957,0.290839643946478,39
0.290029502692799,0.290839643946478,1.00237062677305,39
1.62354591482889,0.408904748967784,0.306918833140864,40
0.408904748967784,1.80874626039867,0.270555751380575,40
0.306918833140864,0.270555751380575,0.983129293019781,40
1.54042580044515,0.449525476004868,0.299174353992378,41
0.449525476004868,2.61302158258264,0.343636223070997,41
0.299174353992378,0.343636223070997,0.95048980865582,41
1.89793013424271,0.485107974360664,0.30164898834742,42
0.485107974360665,2.19916293724378,0.32402927655956,42
0.30164898834742,0.32402927655956,0.918921502957527,42
1.77275775452988,0.445357157979073,0.30304214267345,43
0.445357157979073,1.86340591112232,0.306063341501116,43
0.30304214267345,0.306063341501116,0.942326741237278,43
1.82837522487591,0.390672138417039,0.312693418212507,44
0.39067213841704,1.75626462289236,0.297934390381692,44
0.312693418212507,0.297934390381692,0.911458554643765,44
1.71310933015052,0.371300859938804,0.299655179855366,45
0.371300859938804,1.53940816004744,0.284634181618533,45
0.299655179855366,0.284634181618533,0.907458590499517,45
1.64184833133444,0.352270366007418,0.289557984952156,46
0.352270366007418,1.39400824946946,0.281073017237929,46
0.289557984952156,0.281073017237929,0.880180132881035,46
1.77703962061709,0.335929653846791,0.297731174425437,47
0.335929653846791,1.28681079459559,0.275181968022782,47
0.297731174425437,0.275181968022782,0.852780323649285,47
2.37900397743463,0.245353574431266,0.352215312071792,48
0.245353574431266,1.3591490666363,0.270337014306023,48
0.352215312071792,0.270337014306023,0.829611974069636,48
2.41050577953087,0.239448519224043,0.308829565474872,49
0.239448519224043,1.27996359508758,0.280391005597274,49
0.308829565474872,0.280391005597274,0.820799141878493,49
2.20246580158458,0.255902120093968,0.304416093712374,50
0.255902120093968,1.20323135742699,0.282256487876576,50
0.304416093712374,0.282256487876576,0.808275805619367,50
2.02649484548037,0.267418921830175,0.299340181624741,51
0.267418921830175,1.14091226834221,0.284270861777482,51
0.299340181624741,0.284270861777482,0.808449944719196,51
1.88119212069593,0.274664585855488,0.295818943539329,52
0.274664585855488,1.08779259025699,0.277040664324982,52
0.295818943539329,0.277040664324982,0.795404457131383,52
2.87829580886752,0.450435919182615,0.754217017041972,53
0.450435919182615,1.1216039212249,0.363617374096912,53
0.754217017041972,0.363617374096912,1.06083814027645,53
3.00020215897806,0.708846011428684,0.717398849436557,54
0.708846011428684,1.66667523439955,0.405555585664649,54
0.717398849436557,0.405555585664649,1.02120654559857,54
3.57185143010239,0.591339968977628,0.468593337673067,55
0.591339968977629,1.63646616641032,0.488403710358158,55
0.468593337673067,0.488403710358158,1.17989974808417,55
3.19659808762838,0.544174295125975,0.447522591661649,56
0.544174295125975,1.45380543928413,0.450004115210585,56
0.447522591661649,0.450004115210585,1.13373885701049,56
2.91703205880826,0.506636124778428,0.386186182975858,57
0.506636124778428,1.31686470837253,0.419025202842013,57
0.386186182975858,0.419025202842013,1.20652103436792,57
2.79878244332083,0.439713316224255,0.374036843616224,58
0.439713316224255,1.52011033993114,0.434564118271509,58
0.374036843616224,0.434564118271509,1.15773050155962,58
2.91895160060324,0.508913918145556,0.554735162511311,59
0.508913918145556,1.45444300097752,0.49122906822799,59
0.554735162511311,0.49122906822799,1.33348422972891,59
3.73860739896734,0.736615118807269,0.758291336395878,60
0.736615118807269,1.53117058886766,0.551429024480332,60
0.758291336395877,0.551429024480332,1.35970341220399,60
3.75923852779741,0.796944782603503,0.706949427932666,61
0.796944782603503,1.52809706494775,0.516829129386566,61
0.706949427932666,0.516829129386566,1.30064294893193,61
3.35183601854366,0.705113656711212,0.63358190405634,62
0.705113656711212,1.39274164766562,0.492347384857744,62
0.63358190405634,0.492347384857744,1.28034346199694,62
3.67465755119307,0.719184069591411,0.708237526514764,63
0.719184069591411,1.29098492605079,0.471879008179539,63
0.708237526514764,0.471879008179539,1.25727764422185,63
3.75615886950607,0.812561378651654,0.733165807223511,64
0.812561378651654,1.37091732798532,0.494697053684631,64
0.733165807223511,0.494697053684631,1.22463035240639,64
3.41918976700957,0.717024884905312,0.679041055782075,65
0.717024884905312,1.35789328623175,0.461073192831415,65
0.679041055782075,0.461073192831415,1.17619663929996,65
3.75660598742036,0.642403989278748,0.729747310309995,66
0.642403989278748,1.27932772188361,0.419489591268669,66
0.729747310309995,0.419489591268669,1.14628099599703,66
5.04027626262283,0.349026636235658,0.698422004331795,67
0.349026636235658,1.76611876781585,0.479458937434164,67
0.698422004331795,0.479458937434164,1.10471024974461,67
4.47101725157423,0.343862907385423,0.67949117543599,68
0.343862907385423,1.69592658340898,0.392505305100765,68
0.67949117543599,0.392505305100765,1.14257701729028,68
4.02137289974643,0.36273552069302,0.627682053314472,69
0.36273552069302,1.50312196626127,0.370398250391563,69
0.627682053314472,0.370398250391563,1.09727072842257,69
3.8575974805996,0.487330133559711,0.651135199068626,70
0.487330133559711,1.6021903668265,0.42539642363538,70
0.651135199068626,0.42539642363538,1.0876155564524,70
3.60473540151923,0.500880900882407,0.613055229751394,71
0.500880900882407,1.46537694187255,0.403032528403451,71
0.613055229751394,0.403032528403451,1.04688077303943,71
3.20797987315626,0.482304953425638,0.56421767242853,72
0.482304953425638,1.37548139950211,0.390858260429836,72
0.56421767242853,0.390858260429836,1.01189946463108,72
3.32155791884181,0.542918484202174,0.609553354825045,73
0.542918484202175,1.32222367644151,0.396548897019275,73
0.609553354825045,0.396548897019275,0.998462009946876,73
3.01661879582463,0.496870399043387,0.564337122725869,74
0.496870399043387,1.28477886041188,0.374558835477216,74
0.564337122725869,0.374558835477216,0.964139275675267,74
2.70996227771275,0.468809822361303,0.516726372178065,75
0.468809822361303,1.22478506839139,0.361751486976184,75
0.516726372178065,0.361751486976184,0.932060594148226,75
2.5153652780745,0.436673043335352,0.496506723666083,76
0.436673043335353,1.16775206497154,0.337582200126217,76
0.496506723666083,0.337582200126217,0.91092258097681,76
2.31255769895189,0.422310199021828,0.454786563794154,77
0.422310199021828,1.11148802374227,0.322974844681125,77
0.454786563794154,0.322974844681125,0.883960474860613,77
2.65755128104374,0.6585821262422,0.466256976835382,78
0.6585821262422,1.41537253736596,0.352621024158675,78
0.466256976835382,0.352621024158675,0.856933495359567,78
2.60754379936577,0.564369399722313,0.448679740803599,79
0.564369399722313,1.52225435156613,0.348606790411411,79
0.448679740803599,0.348606790411411,0.831267733828495,79
3.16586976990065,0.548178395656857,0.522773557723664,80
0.548178395656857,1.3689907577624,0.326125662109084,80
0.522773557723664,0.326125662109084,0.817571606718436,80
3.16535185080117,0.740348921027112,0.432746465127707,81
0.740348921027112,1.76397097086377,0.265262375135607,81
0.432746465127707,0.265262375135607,0.821801350226128,81
2.83422278873481,0.658039790509958,0.406727252583622,82
0.658039790509957,1.56138097718888,0.274883750154709,82
0.406727252583622,0.274883750154709,0.835834824652519,82
2.55763642568486,0.590230626561105,0.388397538502013,83
0.590230626561105,1.39778534545306,0.262493836255007,83
0.388397538502013,0.262493836255007,0.850177951839634,83
2.55474409228017,0.49690355552827,0.323669530290887,84
0.49690355552827,1.57542430088222,0.337275274064538,84
0.323669530290887,0.337275274064538,0.854686059884107,84
2.3226392582008,0.466661889815045,0.312986615582792,85
0.466661889815045,1.43778125991477,0.312439439927006,85
0.312986615582792,0.312439439927006,0.838129242136101,85
2.54912277132264,0.402171039722296,0.310711552099085,86
0.402171039722296,1.38924393216423,0.311010181792846,86
0.310711552099085,0.311010181792846,0.814205125273641,86
2.33014197517851,0.383448596178273,0.281239537109584,87
0.383448596178273,1.28950471827295,0.321562203531065,87
0.281239537109584,0.321562203531065,0.868207806276462,87
2.54984175773724,0.481031559737556,0.337889934419379,88
0.481031559737556,1.30150340413062,0.337260442188084,88
0.337889934419379,0.337260442188084,0.851446048345243,88
2.82760488001604,0.587854012999151,0.396212042359335,89
0.587854012999151,1.32793387612447,0.354105665957111,89
0.396212042359335,0.354105665957111,0.836360388923845,89
2.68904968184263,0.577894916481587,0.420204057867122,90
0.577894916481587,1.26411579411912,0.357863984251642,90
0.420204057867122,0.357863984251643,0.838797056622103,90
2.63610037910621,0.62777303399508,0.376558153270966,91
0.62777303399508,1.32574462778547,0.328847629128991,91
0.376558153270966,0.328847629128991,0.823889649646617,91
2.42884708369192,0.584588286413386,0.370715918574983,92
0.584588286413386,1.24309964255657,0.322727824281937,92
0.370715918574983,0.322727824281937,0.80698993438431,92
2.37992379395284,0.397990135508411,0.420393515574191,93
0.397990135508411,4.58352633876718,0.0717608847101949,93
0.420393515574191,0.0717608847101949,0.83646043118316,93
2.17834151064756,0.401602549052904,0.397285337865127,94
0.401602549052904,3.82572113989054,0.126295646101779,94
0.397285337865127,0.126295646101779,0.817141433353527,94
2.02404986282074,0.410842416484566,0.383491084671769,95
0.410842416484566,3.25273466510669,0.172812248653322,95
0.383491084671769,0.172812248653322,0.802663443640244,95
6.2144609317742,0.906215338075795,1.44099650693386,96
0.906215338075795,2.88206584149538,0.312508527773966,96
1.44099650693385,0.312508527773966,1.0698174022294,96
5.98602233901529,0.792698067291176,1.40191628052511,97
0.792698067291176,2.42054597516926,0.280629471567867,97
1.40191628052511,0.280629471567867,1.08490009864331,97
5.20831914744598,0.725980507041849,1.23191549120927,98
0.725980507041849,2.26313761872686,0.276491665741214,98
1.23191549120927,0.276491665741214,1.04530949561429,98
4.58098595462051,0.690532213186677,1.10776625896736,99
0.690532213186677,2.08778404330268,0.324563889876692,99
1.10776625896736,0.324563889876692,1.05847694980996,99
4.35466572487,0.620769826063433,1.04431762657603,100
0.620769826063433,1.79754812313969,0.303626102298949,100
1.04431762657603,0.303626102298949,1.03507796129128,100
3.8516654778087,0.574525796078163,0.928419153883099,101
0.574525796078163,1.59388128119881,0.298651786176007,101
0.928419153883099,0.298651786176007,0.999688625869997,101
3.4421073901791,0.528053466840658,0.829057625041194,102
0.528053466840658,1.41981897905936,0.288982390243466,102
0.829057625041194,0.288982390243466,0.964685038427949,102
3.35033399609835,0.496246995595089,0.764117744258723,103
0.496246995595089,1.29520310084311,0.281744339833526,103
0.764117744258723,0.281744339833526,0.931512801283669,103
3.03613097796684,0.485209414754671,0.684453614718466,104
0.485209414754671,1.23475768367504,0.276253524871884,104
0.684453614718466,0.276253524871884,0.901196569114856,104
3.36150468043654,0.958935819141469,0.774202170416939,105
0.958935819141469,2.29064677299828,0.507462333569725,105
0.774202170416939,0.507462333569725,0.923833021765315,105
3.47276731129344,0.913162640586408,0.783249337276164,106
0.913162640586408,1.97618891038787,0.474088262517206,106
0.783249337276164,0.474088262517206,0.911626484667172,106
3.09220150507076,0.858106008134482,0.698779570202279,107
0.858106008134482,2.12940434014588,0.517786488941191,107
0.698779570202279,0.517786488941191,0.901710723917373,107
3.23172412863149,0.770186080401335,0.669675370384054,108
0.770186080401335,1.81554220208726,0.464136589422072,108
0.669675370384054,0.464136589422072,0.873252625760839,108
2.89755199398175,0.689930655578623,0.607711425172713,109
0.689930655578623,1.62264295687371,0.432707528755476,109
0.607711425172713,0.432707528755476,0.850219513769471,109
3.13090726801494,1.12404231181752,0.664695143694366,110
1.12404231181752,2.6969320284437,0.618634159004031,110
0.664695143694366,0.618634159004031,0.853902133218889,110
2.92123081385226,0.980604540066679,0.614453228772339,111
0.980604540066679,2.25769008463176,0.54829384276742,111
0.614453228772339,0.54829384276742,0.829406780955072,111
3.00251746652874,0.897958738724917,0.519774643754199,112
0.897958738724917,1.92075489681113,0.478133446182086,112
0.519774643754199,0.478133446182086,0.827133668358139,112
3.45548365117319,1.03348518089515,0.733208050828164,113
1.03348518089515,1.92019695580886,0.558584827270868,113
0.733208050828164,0.558584827270868,0.946391328548796,113
3.30562899498903,0.901616165256824,0.614390037837663,114
0.901616165256824,1.65973874486833,0.503569923741201,114
0.614390037837663,0.503569923741201,0.962819475071242,114
3.08288299191446,0.931316563023024,0.638365224865404,115
0.931316563023025,1.82973617875273,0.604387292537445,115
0.638365224865404,0.604387292537445,1.0363672479889,115
2.76485096734611,0.840067058794787,0.582471044624031,116
0.840067058794786,1.80427424653464,0.654017005418451,116
0.582471044624031,0.654017005418451,1.13181694224378,116
2.66843297103899,0.807091299332394,0.649038845441298,117
0.807091299332394,1.67908309282735,0.666783572093219,117
0.649038845441297,0.666783572093219,1.25396849711263,117
2.77488360688735,0.959886254812304,0.651113563044367,118
0.959886254812304,1.95318528067276,0.690370416412663,118
0.651113563044367,0.690370416412663,1.2096585450773,118
2.51757044353183,0.857436245309766,0.619660884467299,119
0.857436245309765,1.99098256177145,0.557006330913414,119
0.6196608844673,0.557006330913414,1.28024260532601,119
2.68730668026368,0.747306740977018,0.625403174734205,120
0.747306740977018,1.74321334295548,0.500502938050782,120
0.625403174734205,0.500502938050782,1.23131380312889,120
3.07471219545431,0.751503965618273,1.10273217786726,121
0.751503965618273,1.55164729410411,0.543716060436006,121
1.10273217786726,0.543716060436006,2.07776879031708,121
2.92991083642441,0.695302806663363,1.03275055926257,122
0.695302806663363,1.40023317814978,0.512078072547268,122
1.03275055926257,0.512078072547268,1.98791470720727,122
3.71916208031025,0.748646675118767,1.00825570170084,123
0.748646675118767,1.29730589710663,0.479143734715955,123
1.00825570170084,0.479143734715955,1.8862144821799,123
4.13370599891794,0.938174419602762,0.997857158243432,124
0.938174419602762,1.45910183834011,0.494724251084531,124
0.997857158243432,0.494724251084531,1.7925441937665,124
4.29925499990626,0.898799933310669,0.796635917344933,125
0.898799933310669,1.3326902485897,0.448638736988332,125
0.796635917344932,0.448638736988331,1.86156533905161,125
4.58430658337516,0.849301050387019,0.80983559621784,126
0.849301050387019,1.22805174080115,0.426675904430753,126
0.80983559621784,0.426675904430753,1.77160608083887,126
4.79659689961258,0.989810441450698,1.0353362707517,127
0.989810441450698,1.35873501059741,0.564509603633056,127
1.0353362707517,0.564509603633055,1.94772760561293,127
4.93966264417156,1.05525625895562,1.18561851295163,128
1.05525625895562,1.3838304702728,0.630440941617717,128
1.18561851295163,0.630440941617717,2.03699935631581,128
4.34917592082993,0.947363395096309,1.05594654116047,129
0.947363395096309,1.32281988571333,0.581455194219179,129
1.05594654116047,0.581455194219178,1.93451642077933,129
4.19861442968596,0.910400351214695,1.01009080515928,130
0.910400351214695,1.26330504045027,0.556594518141064,130
1.01009080515928,0.556594518141064,1.84614205665971,130
3.75182801304768,0.802436696819023,0.879138441673704,131
0.802436696819023,1.20843660873518,0.552574691391987,131
0.879138441673704,0.552574691391987,1.8397163934724,131
3.692556353257,0.807825139232952,0.896916405691608,132
0.807825139232952,1.19832923192727,0.554973920825109,132
0.896916405691608,0.554973920825109,1.79210356228079,132
3.3227010677664,0.719026319513811,0.794397941716611,133
0.719026319513811,1.17062168718482,0.543441808454997,133
0.794397941716611,0.543441808454997,1.73065858237436,133
3.40567020399989,0.749423576579836,0.881783525423161,134
0.749423576579836,1.16912407714283,0.562466601031215,134
0.881783525423161,0.562466601031215,1.74581585963118,134
3.04122323946447,0.741139371608474,0.799611030143196,135
0.741139371608474,1.3992007690162,0.595217740401053,135
0.799611030143196,0.595217740401053,1.66804569295003,135
2.74284581016526,0.66207520950279,0.732207518256125,136
0.66207520950279,1.27746376660527,0.547373025736445,136
0.732207518256125,0.547373025736445,1.59606148661285,136
2.78558374299001,0.645220914766026,0.827551493167539,137
0.645220914766026,1.20105055724346,0.535413385572638,137
0.827551493167539,0.535413385572638,1.67254895798231,137
2.58001591884396,0.587395179003301,0.744395652310629,138
0.587395179003301,1.133443331604,0.501869571729195,138
0.744395652310629,0.501869571729195,1.59411853742065,138
2.71455273154054,0.745237907554594,0.762335122217047,139
0.745237907554594,1.38057241000486,0.559084184701539,139
0.762335122217047,0.559084184701539,1.53812408260248,139
2.46520033972515,0.662287253520941,0.682899504423339,140
0.662287253520941,1.26396989632154,0.516903317993856,140
0.682899504423339,0.516903317993856,1.48528861879233,140
2.7280718829065,0.640225256963551,0.571392745023745,141
0.640225256963551,1.17832233860225,0.477722052933891,141
0.571392745023745,0.477722052933891,1.45374248075413,141
2.88599123861199,0.723460667925428,0.509618774942497,142
0.723460667925428,1.24644019320696,0.439777251500083,142
0.509618774942497,0.439777251500083,1.40108416180305,142
2.9984128263128,0.653598383332294,0.417289971459272,143
0.653598383332294,1.18078944014623,0.433441194001014,143
0.417289971459272,0.433441194001014,1.38317641448956,143
2.6940215546252,0.602421440113259,0.407245398036476,144
0.602421440113259,1.16648541514095,0.389127622115373,144
0.407245398036476,0.389127622115373,1.36386166028653,144
2.61644581834086,0.606228267173728,0.464479684964157,145
0.606228267173728,1.15429676760098,0.409482448039874,145
0.464479684964157,0.409482448039874,1.35403096527772,145
3.11177553110215,0.749838675982813,0.529227873049938,146
0.749838675982813,1.23016337570314,0.425646765058872,146
0.529227873049938,0.425646765058872,1.30149062459535,146
2.88958574421922,0.670269028119788,0.481814268370244,147
0.670269028119788,1.16445375532813,0.411153782210341,147
0.481814268370244,0.411153782210341,1.25647910334895,147
2.82052514492089,0.630942917069764,0.512930452250462,148
0.630942917069764,1.10612957064521,0.394839418677814,148
0.512930452250462,0.394839418677814,1.22668600638873,148
3.55357295870897,0.599456622210971,0.581394440233815,149
0.599456622210971,1.07356785362226,0.374792872608218,149
0.581394440233815,0.374792872608218,1.18061458203295,149
3.16750378078392,0.561909578093604,0.537689392564523,150
0.561909578093604,1.04959742351915,0.360552918224826,150
0.537689392564523,0.360552918224826,1.1336677611923,150
2.99407229432821,0.739019869864795,0.584725049453585,151
0.739019869864795,1.63389848831031,0.579178701265223,151
0.584725049453585,0.579178701265223,1.18668204079514,151
2.69604580985166,0.90903394194434,0.538794041522026,152
0.90903394194434,6.77992371449598,0.836769730884995,152
0.538794041522026,0.836769730884994,1.13887097933573,152
2.47892692979512,0.7820735711112,0.508850549931412,153
0.7820735711112,5.35687039761919,0.723230482463855,153
0.508850549931412,0.723230482463855,1.09663738299056,153
3.13027334021151,0.859209018046759,0.773736808261466,154
0.859209018046759,4.33213024289694,0.697139450080866,154
0.773736808261466,0.697139450080865,1.20443565800268,154
2.83264146537043,0.757598551576668,0.717318765615865,155
0.757598551576668,3.46843919669768,0.630185886691071,155
0.717318765615865,0.630185886691071,1.19212239878501,155
4.10240034265785,1.0883054932884,1.02977452219306,156
1.0883054932884,3.30750556772722,0.704297142166619,156
1.02977452219306,0.704297142166619,1.2534967132284,156
3.62913856869618,0.941769959323752,0.919008995829309,157
0.941769959323752,2.75703941126258,0.6399244277575,157
0.919008995829309,0.6399244277575,1.21465309737277,157
5.04226506632538,1.00167978698155,1.39590891640843,158
1.00167978698155,2.29976213550229,0.607287769165343,158
1.39590891640843,0.607287769165343,1.43395575599987,158
5.89954392205633,1.42433253508766,1.61838003038647,159
1.42433253508765,2.7330399499626,0.794421833533891,159
1.61838003038647,0.794421833533891,1.51705633423219,159
5.13038935684106,1.20268491705868,1.41332083256792,160
1.20268491705868,2.29769685015669,0.68489278761561,160
1.41332083256792,0.68489278761561,1.48636679150808,160
4.5506117821252,1.02102909610945,1.23574961300645,161
1.02102909610945,1.95399866741393,0.614943720343583,161
1.23574961300646,0.614943720343583,1.42220990877179,161
5.4935839331685,1.77247465113554,1.67099724955821,162
1.77247465113554,3.16083890950211,1.14294766373605,162
1.67099724955821,1.14294766373605,1.74922406012577,162
8.22027270820561,1.97122233857155,2.19265461051678,163
1.97122233857155,2.70454537340889,1.07023063973905,163
2.19265461051678,1.07023063973905,1.8329413304304,163
7.0822804159766,1.68110143589896,1.90802988784898,164
1.68110143589896,2.41665131248554,0.975456594025004,164
1.90802988784898,0.975456594025004,1.75750135197211,164
7.35266763115546,1.91610670168905,1.91970501573126,165
1.91610670168905,2.6695712263036,1.04117812099991,165
1.91970501573126,1.04117812099991,1.73659498781358,165
6.56175100611842,1.79591786888822,1.65648657728227,166
1.79591786888822,4.06450716401941,1.22632832693555,166
1.65648657728227,1.22632832693555,1.67244879348653,166
8.65547629930161,1.53827691487891,1.76811070146563,167
1.53827691487891,3.40456652152309,1.04278035832377,167
1.76811070146563,1.04278035832377,1.60203798956635,167
8.2617520370653,1.27487827886009,1.61503097198517,168
1.27487827886009,3.04537867835037,0.922449128487617,168
1.61503097198517,0.922449128487617,1.52611259877011,168
8.00971493089535,1.18536746842265,1.50203036792452,169
1.18536746842265,2.5138258314257,0.804140575816834,169
1.50203036792452,0.804140575816834,1.45770488209936,169
7.0485323178796,1.01742389642324,1.34407710737512,170
1.01742389642324,2.22016751426224,0.702888844923339,170
1.34407710737512,0.702888844923339,1.39829988955529,170
6.65364710250483,1.21317271204707,1.13457106159541,171
1.21317271204707,2.55112850170484,0.604433794369368,171
1.13457106159541,0.604433794369368,1.37391570869239,171
9.28199810301797,2.4796620679331,2.20381049413938,172
2.4796620679331,3.95339185344934,1.36878328632386,172
2.20381049413938,1.36878328632386,2.03705303031918,172
8.66132021031331,2.42161396383542,2.04733392010022,173
2.42161396383542,3.86541119263991,1.32011094029312,173
2.04733392010022,1.32011094029312,1.96199351402742,173
7.44938383535352,1.98201788193583,1.80171036702426,174
1.98201788193583,3.18242743333609,1.09528505371023,174
1.80171036702426,1.09528505371023,2.01226882602768,174
7.86261741222173,2.09457847290792,1.89083796477717,175
2.09457847290792,3.0670494190649,1.10767398901923,175
1.89083796477717,1.10767398901923,2.00765052327598,175
7.20919089917625,1.73875535401667,1.54614763416838,176
1.73875535401667,2.9425949314701,1.17439366198121,176
1.54614763416838,1.17439366198121,2.15179807456837,176
6.22991792955879,1.44115071836861,1.3675290175937,177
1.44115071836861,2.42931262342625,1.00814556706852,177
1.3675290175937,1.00814556706852,2.03995915663266,177
5.86857626365446,1.45014182661521,1.35984437270359,178
1.45014182661521,2.41353278077497,1.02546375067794,178
1.35984437270359,1.02546375067794,2.0247102472763,178
6.58174628436016,1.61865786700142,1.50050106042676,179
1.61865786700142,2.35382398949612,1.01950292525368,179
1.50050106042676,1.01950292525368,1.99465857427262,179
5.74847254315469,1.35887938188899,1.32438830310803,180
1.35887938188899,1.9883799132939,0.885362163077622,180
1.32438830310803,0.885362163077622,1.89141914672919,180
5.00837743884631,1.14881820915385,1.18276536867942,181
1.14881820915385,1.72811693861301,0.766826132275231,181
1.18276536867942,0.766826132275231,1.84746353234106,181
4.61356353624424,1.03341295896704,1.08946557049567,182
1.03341295896704,1.54676408424676,0.695448388899745,182
1.08946557049567,0.695448388899745,1.7593850588169,182
5.69966994936174,0.89876283398571,1.2121685728056,183
0.89876283398571,1.44402554516101,0.615993721320127,183
1.2121685728056,0.615993721320127,1.69810136899924,183
4.97666994092132,0.846791977910353,1.07471460343528,184
0.846791977910353,1.46941475666098,0.578811242542811,184
1.07471460343528,0.578811242542811,1.6158297625679,184
4.61064450979541,0.763148397877395,0.993347019026969,185
0.763148397877395,1.32896934374358,0.530236424434361,185
0.993347019026969,0.530236424434361,1.54135627407389,185
4.08924348888254,0.761742595054312,0.922253358470055,186
0.761742595054312,1.4437222111745,0.593589699873848,186
0.922253358470055,0.593589699873848,1.53774986514484,186
5.04785506615946,1.17189524897959,1.1371187445322,187
1.17189524897959,1.79654692276422,0.721166797097157,187
1.1371187445322,0.721166797097157,1.54125784373341,187
6.07052236924224,1.34889093337846,1.42863148709365,188
1.34889093337846,1.76093745691004,0.760619672909196,188
1.42863148709365,0.760619672909196,1.61631019525266,188
6.9004080375778,1.38602043635907,1.31424921951797,189
1.38602043635907,1.61607939372224,0.676286327424281,189
1.31424921951797,0.676286327424281,1.54450408295377,189
5.99792388906434,1.19837177525465,1.16470226143043,190
1.19837177525465,1.45768923386972,0.612106463698733,190
1.16470226143043,0.612106463698733,1.47190219602064,190
5.55338972142507,1.14809524119618,1.0568827461293,191
1.14809524119618,1.42684879269027,0.572072533602873,191
1.0568827461293,0.572072533602872,1.40407706019168,191
6.58256100441358,1.29451903846397,1.29549110677359,192
1.29451903846397,1.41773532180392,0.599662389890475,192
1.29549110677359,0.599662389890475,1.433085334135,192
5.80435664700195,1.1154684996357,1.13555831878635,193
1.1154684996357,1.31778395436967,0.557318274790229,193
1.13555831878635,0.557318274790229,1.3734292871114,193
5.99562186878349,1.39886179147382,1.30013203816435,194
1.39886179147382,1.70085768628752,0.749373455591454,194
1.30013203816435,0.749373455591454,1.47535008798023,194
5.23805636745286,1.20799548402039,1.12351681959451,195
1.20799548402039,1.53503429103888,0.645200056615465,195
1.12351681959451,0.645200056615465,1.47530540637772,195
4.97007026865306,1.16168541794952,1.0365939859901,196
1.16168541794952,1.48461281442457,0.604148939496106,196
1.0365939859901,0.604148939496106,1.4081880359259,196
4.86739549152805,1.43439128099126,1.09598876094515,197
1.43439128099126,2.09015392255876,0.810867619093805,197
1.09598876094515,0.810867619093805,1.44772598035283,197
4.26529627260038,1.2048676085592,0.974644119241242,198
1.2048676085592,1.8127425286452,0.708441018459739,198
0.974644119241242,0.708441018459739,1.38725611161132,198
4.7538827599927,1.18903532554977,1.1459946370811,199
1.18903532554977,1.6312446471395,0.67576976542149,199
1.1459946370811,0.67576976542149,1.43529042385794,199
4.30036682441239,1.0164732646899,1.10067071281012,200
1.0164732646899,1.52428388876365,0.563721227821329,200
1.10067071281012,0.563721227821329,1.50449917496634,200
4.16914383635485,0.891263363698697,1.03367354373029,201
0.891263363698697,1.38077782141465,0.51416749046992,201
1.03367354373029,0.51416749046992,1.44004803148104,201
3.88989559531901,0.797947903431105,1.05849360329871,202
0.797947903431105,1.26364711847947,0.472736892390198,202
1.05849360329871,0.472736892390198,1.57493773030748,202
3.74186638247259,0.669017038064979,0.948280688336317,203
0.669017038064979,1.90073116619743,0.550087147160128,203
0.948280688336317,0.550087147160128,1.50360010745545,203
3.38435761737319,0.616583427669944,0.843595756246044,204
0.616583427669944,1.65629813501241,0.499884059784221,204
0.843595756246044,0.499884059784221,1.43870949237641,204
3.5131094090055,0.811579232762351,0.840994808501452,205
0.811579232762351,1.90228001201878,0.544246590611933,205
0.840994808501452,0.544246590611932,1.383313310027,205
3.13690497003278,0.71145838125303,0.758948707702243,206
0.711458381253031,1.65372939847353,0.496114575592987,206
0.758948707702243,0.496114575592987,1.32169366349261,206
3.07353035075568,0.633793088513057,0.708813173769677,207
0.633793088513057,1.47853947039102,0.458670097055312,207
0.708813173769677,0.458670097055312,1.26415617997109,207
2.78601398859694,0.578574030249611,0.631023785900516,208
0.578574030249611,1.53010807097221,0.485118511518592,208
0.631023785900516,0.485118511518592,1.23110265153986,208
2.5309763983193,0.581378810679215,0.573889944880429,209
0.581378810679215,1.61457628922958,0.450927100843482,209
0.573889944880429,0.450927100843482,1.18598568719773,209
2.65555381720856,0.675788589067345,0.547646836365456,210
0.675788589067345,1.64179901083653,0.435213579162846,210
0.547646836365456,0.435213579162846,1.13787985815187,210
2.50503135879684,0.638473778363041,0.549345404613511,211
0.638473778363041,1.49626531898909,0.427962604574852,211
0.549345404613511,0.427962604574852,1.12140401362294,211
2.77256577602337,0.751740298866269,0.636783484723035,212
0.751740298866269,1.53965391222241,0.470692359563085,212
0.636783484723035,0.470692359563085,1.11803117644963,212
3.12421703080548,0.30930173945863,0.775717031255947,213
0.30930173945863,4.69766575508124,0.186722565870494,213
0.775717031255947,0.186722565870494,1.15955879483613,213
2.94309831911596,0.299658435600116,0.674435602431203,214
0.299658435600116,3.89296832557486,0.24461032903501,214
0.674435602431203,0.24461032903501,1.13575045817554,214
2.83076459021396,0.273706308048757,0.60264772409488,215
0.273706308048757,3.3945126641328,0.285653011233475,215
0.60264772409488,0.285653011233475,1.09924793904614,215
2.64376229558142,0.276337545385198,0.554601721169873,216
0.276337545385198,2.82194076499869,0.291749121710621,216
0.554601721169873,0.291749121710621,1.05768802114838,216
2.47360130000326,0.287538979412378,0.565694649002728,217
0.287538979412378,2.3251844688575,0.276427752456192,217
0.565694649002728,0.276427752456192,1.0957059194321,217
2.35806175433937,0.311844470635287,0.425555209011916,218
0.311844470635287,1.97124532902352,0.243563921711333,218
0.425555209011916,0.243563921711333,1.29131812105332,218
3.19110959743435,0.447923501378069,0.539006555849294,219
0.447923501378069,1.76847238281989,0.267843221701137,219
0.539006555849294,0.267843221701137,1.25061454146837,219
2.86032537095165,0.424791846546419,0.51944516803633,220
0.424791846546419,1.54799850574088,0.272079987572882,220
0.51944516803633,0.272079987572882,1.2999183568784,220
3.52530659448236,0.600701310411697,0.529365391812078,221
0.600701310411697,1.54854989482856,0.280110993688932,221
0.529365391812078,0.280110993688932,1.24407677926246,221
3.1934219278863,0.543118549929133,0.495532818378951,222
0.543118549929133,1.4866740011239,0.294337598647196,222
0.495532818378951,0.294337598647196,1.19447608067674,222
2.9722477079578,0.515246215075952,0.522048672221241,223
0.515246215075952,1.34478873117306,0.298314833389231,223
0.522048672221241,0.298314833389231,1.20177229215867,223
3.97029016387654,0.598213674878068,0.602339250879321,224
0.598213674878068,1.25413125650519,0.300410515455978,224
0.602339250879321,0.300410515455978,1.15663307607164,224
3.52103977112004,0.564884016950823,0.566910830595376,225
0.564884016950823,1.20370475796132,0.3109018101234,225
0.566910830595376,0.3109018101234,1.12325313934634,225
3.15013672604346,0.523924464352611,0.5373875679423,226
0.523924464352611,1.17776833496565,0.295385482767627,226
0.5373875679423,0.295385482767627,1.09162871786284,226
2.83976353464539,0.490395575089928,0.517238204092628,227
0.490395575089928,1.11522852478584,0.288581120900489,227
0.517238204092628,0.288581120900489,1.08452682681654,227
2.56184470113297,0.547375722055928,0.477912372096122,228
0.547375722055928,1.72739728779041,0.203900965999693,228
0.477912372096122,0.203900965999693,1.09494701770223,228
2.92201041828451,0.710205999020424,0.525508155216947,229
0.710205999020424,1.78855224989429,0.252262153493204,229
0.525508155216947,0.252262153493204,1.05993508447413,229
2.66369542515249,0.627909372102487,0.509706957508906,230
0.627909372102487,1.63076572713928,0.234887423988925,230
0.509706957508906,0.234887423988925,1.04570383097778,230
2.80253186191913,0.689264016414549,0.578943123985288,231
0.689264016414549,1.58201657660124,0.288051775304113,231
0.578943123985288,0.288051775304113,1.04679030102982,231
2.55334497222126,0.636065135631192,0.555257380042615,232
0.636065135631192,1.4622574863467,0.31395755842697,232
0.555257380042615,0.31395755842697,1.05760678652173,232
2.32551339880338,0.587122146624213,0.511292084572482,233
0.587122146624213,1.48382162919895,0.32873339938772,233
0.511292084572482,0.32873339938772,1.02060647514456,233
2.18241499207777,0.57270578304225,0.483263796120143,234
0.57270578304225,1.42789886471671,0.328196580751342,234
0.483263796120142,0.328196580751342,0.984346326969489,234
2.02223960320266,0.52303236524306,0.45403834984319,235
0.52303236524306,1.39262024180341,0.318584374545241,235
0.45403834984319,0.318584374545241,0.950477866773712,235
2.14891968704742,0.538103922406341,0.447790562524345,236
0.538103922406341,1.30215935109438,0.311126172901765,236
0.447790562524345,0.311126172901765,0.91837476329035,236
2.58748122169583,0.824601282926765,0.599944874013868,237
0.824601282926765,1.69279208233826,0.458082160362938,237
0.599944874013868,0.458082160362938,0.958195572197337,237
2.36052500435713,0.735706596965714,0.560617557280119,238
