"AAPL.T+1","IBM.T+1","MCD.T+1","MatrixID"
3.77203103125409,0.796802706550998,0.384459929544561,1
0.796802706550998,1.65014300667942,0.37524553191463,1
0.384459929544561,0.37524553191463,0.949336310156591,1
3.39466694821426,0.70734688658748,0.379630308597115,2
0.70734688658748,1.4651908236791,0.349143298559626,2
0.379630308597115,0.349143298559626,0.920777585139948,2
3.07783526291499,0.721685160054532,0.35877835874937,3
0.721685160054532,1.58584693038633,0.338888895272703,3
0.35877835874937,0.338888895272703,0.891990025212746,3
2.79139268953082,0.646962499498718,0.344014863902928,4
0.646962499498719,1.54214503251586,0.333210511408507,4
0.344014863902928,0.333210511408507,0.863660042334289,4
2.52497614871945,0.589135519503717,0.337539954936318,5
0.589135519503717,1.44900761207668,0.292345089019808,5
0.337539954936318,0.292345089019808,0.868282533337908,5
2.30941574885412,0.543578104048576,0.28529241467976,6
0.543578104048576,1.45535178473985,0.386512623040971,6
0.28529241467976,0.386512623040972,1.02283112045914,6
2.11777620589291,0.507379255483581,0.27898247117135,7
0.507379255483581,1.34333741600623,0.358092681878981,7
0.27898247117135,0.358092681878982,0.992483693535165,7
1.97932341932845,0.467892366592085,0.288888989060537,8
0.467892366592085,1.26618089159381,0.330736305746409,8
0.288888989060537,0.330736305746409,0.971658765601291,8
1.88764872953639,0.448087421399071,0.249501618347253,9
0.44808742139907,1.18103980513406,0.311648942396637,9
0.249501618347253,0.311648942396637,0.991435835560849,9
1.85468108928156,0.487825371634786,0.259332894583449,10
0.487825371634786,1.23192134233172,0.318687872533635,10
0.259332894583449,0.318687872533635,0.956843611795465,10
1.76750273371002,0.463454555963391,0.250430444065575,11
0.463454555963391,1.15628940236922,0.306261919197751,11
0.250430444065575,0.306261919197751,0.928381352476571,11
1.66089810743004,0.438267755642859,0.248530652196973,12
0.438267755642859,1.10210395341493,0.300371313282583,12
0.248530652196973,0.300371313282583,0.900183766314675,12
1.57352676717368,0.417888437942556,0.247599642833656,13
0.417888437942556,1.07759704808353,0.294595537355006,13
0.247599642833656,0.294595537355006,0.871215261810048,13
1.62407985636989,0.457854889144169,0.240525666885562,14
0.457854889144169,1.10680830801375,0.287032728652565,14
0.240525666885562,0.287032728652565,0.845837368868185,14
1.62127326699263,0.479762387923358,0.266939721690879,15
0.479762387923358,1.12806813928582,0.306386850948134,15
0.266939721690879,0.306386850948134,0.833755316239366,15
1.55039707267236,0.448982099758177,0.21804415053484,16
0.448982099758177,1.11433665488409,0.35344069335374,16
0.21804415053484,0.35344069335374,1.0301286159724,16
1.48824835843289,0.435817612295014,0.217685237244359,17
0.435817612295014,1.08690778393182,0.335805381286317,17
0.217685237244359,0.335805381286317,0.99696575104375,17
1.47691362007564,0.448232027684519,0.213943974752102,18
0.448232027684518,1.09818534535534,0.320887262734414,18
0.213943974752102,0.320887262734414,0.964981208636806,18
1.58549109750893,0.533847705724113,0.272798728004658,19
0.533847705724113,1.21996043668507,0.369663600836863,19
0.272798728004658,0.369663600836863,0.959180102659288,19
1.5083037339145,0.494810678793321,0.265198128157008,20
0.494810678793321,1.15036480187874,0.356402578067758,20
0.265198128157008,0.356402578067758,0.939566477506418,20
2.50296093265506,0.923782601830422,0.425062514781863,21
0.923782601830422,1.50880476382403,0.44388508088518,21
0.425062514781863,0.44388508088518,0.932214022049584,21
2.37272173872354,0.835649277787466,0.414929870221915,22
0.835649277787466,1.37545484793824,0.416049348354984,22
0.414929870221915,0.416049348354984,0.905705207557637,22
2.17744213140849,0.742925908809907,0.388890197836386,23
0.742925908809907,1.26347205928139,0.387781191588092,23
0.388890197836386,0.387781191588092,0.876526919281142,23
2.09709841224086,0.682223466338352,0.382212784788302,24
0.682223466338352,1.17993014965262,0.366437158180032,24
0.382212784788302,0.366437158180032,0.852907632539686,24
2.06898952147765,0.656691010442897,0.426384404126736,25
0.656691010442897,1.13885572288181,0.372706097352788,25
0.426384404126736,0.372706097352788,0.892966463573477,25
1.9895796045845,0.631832048496032,0.37341497166149,26
0.631832048496032,1.1198032687914,0.338735447708764,26
0.37341497166149,0.338735447708764,0.887067653045923,26
1.93385267868519,0.580681850570564,0.375366615624323,27
0.580681850570564,1.07589752397667,0.321659552549012,27
0.375366615624323,0.321659552549012,0.868124766223818,27
1.85285458242499,0.530083769156112,0.383341812608193,28
0.530083769156112,1.08722254420533,0.288171088777455,28
0.383341812608193,0.288171088777455,0.874317433647449,28
2.9339553966999,0.828837345743814,0.526373991685545,29
0.828837345743814,1.23955183285614,0.337513421535258,29
0.526373991685545,0.337513421535258,0.864832436810512,29
3.13570329343907,0.956644290599137,0.493247187547584,30
0.956644290599137,1.39153006310881,0.329518193071667,30
0.493247187547584,0.329518193071667,0.839534975131646,30
2.99228891084147,0.867337402622757,0.494202705043332,31
0.867337402622757,1.27588926876802,0.319065057095669,31
0.494202705043332,0.319065057095669,0.829091041226637,31
2.82697773942054,0.76267740918744,0.420401028590627,32
0.762677409187439,1.24742798614684,0.337423710079144,32
0.420401028590627,0.337423710079144,0.833543240931901,32
2.60659303851029,0.679991895297675,0.394019886003984,33
0.679991895297675,1.22317024865798,0.327719643993686,33
0.394019886003984,0.327719643993686,0.809222132905476,33
2.36484094911181,0.621563548641416,0.367505900926405,34
0.621563548641416,1.17340948431982,0.333564438936831,34
0.367505900926405,0.333564438936831,0.818634753650351,34
2.18761514249049,0.601453394954914,0.352342373516686,35
0.601453394954914,1.18921315626796,0.333772750750134,35
0.352342373516686,0.333772750750134,0.797038929464841,35
2.04161852115821,0.627484414883997,0.31539578703762,36
0.627484414883997,1.39091693605858,0.280491424131927,36
0.31539578703762,0.280491424131927,0.800813001369069,36
2.05921378539722,0.5732992981969,0.306249362334926,37
0.5732992981969,1.27620305817935,0.273721365891604,37
0.306249362334926,0.273721365891604,0.778911232900736,37
1.93447288089138,0.542157431673551,0.294611506571212,38
0.542157431673551,1.20740487091811,0.268142117749238,38
0.294611506571212,0.268142117749238,0.758446605244802,38
1.80053590585289,0.507915550730264,0.284183776720613,39
0.507915550730264,1.17768068812613,0.245583113017084,39
0.284183776720613,0.245583113017084,0.759629820771163,39
1.71555073248674,0.486658254402024,0.284902490291177,40
0.486658254402024,1.12731923839001,0.250870794844861,40
0.284902490291177,0.250870794844861,0.745914481579363,40
1.81740775873189,0.478005166278592,0.252293537837834,41
0.478005166278592,1.07786754784106,0.247392223754306,41
0.252293537837834,0.247392223754306,0.736609372367464,41
1.72144068917906,0.483659916980357,0.247512893474504,42
0.483659916980357,1.13482057037848,0.250021947993905,42
0.247512893474504,0.250021947993905,0.719194511065649,42
1.63902702977556,0.474400010990867,0.234719339614555,43
0.474400010990867,1.12757719894962,0.236524945947018,43
0.234719339614555,0.236524945947018,0.711806409537063,43
1.64713868081387,0.437231031380582,0.246357365184867,44
0.437231031380582,1.1081577878385,0.233184751183703,44
0.246357365184867,0.233184751183703,0.69780192122125,44
1.56238287764362,0.417061773226396,0.228234395841832,45
0.417061773226396,1.08012694552437,0.255517900384212,45
0.228234395841832,0.255517900384212,0.750867443617639,45
1.48812599564563,0.402258840560118,0.227419241811193,46
0.402258840560118,1.05466980563452,0.253160308983913,46
0.227419241811193,0.253160308983913,0.732509312455151,46
1.42729767060563,0.393398132888036,0.227021311159028,47
0.393398132888036,1.10561669025956,0.252365712109279,47
0.227021311159029,0.252365712109279,0.71577163896969,47
1.6925656315122,0.0526549365286113,0.22996674666712,48
0.0526549365286114,3.11911961986038,0.346423077359617,48
0.22996674666712,0.346423077359617,0.699952543265065,48
1.60202373665109,0.115627633340324,0.240307658410993,49
0.115627633340324,2.62230456054483,0.366447913649259,49
0.240307658410993,0.366447913649259,0.782962100246881,49
1.52475541489097,0.151357727527291,0.233418455766571,50
0.151357727527291,2.29715227403783,0.364368575937384,50
0.233418455766571,0.364368575937384,0.773234942019351,50
1.62229514996005,0.242381010876529,0.273795124066134,51
0.242381010876529,2.0723346694193,0.36916868717132,51
0.273795124066134,0.36916868717132,0.767664449126812,51
1.54691761303699,0.258306525479208,0.251173902642079,52
0.258306525479208,1.78509848734398,0.327034971728854,52
0.251173902642079,0.327034971728854,0.795652569888546,52
1.58507383417786,0.315410873834426,0.247429958990106,53
0.315410873834426,1.66421265110419,0.312102449423902,53
0.247429958990106,0.312102449423902,0.7743110355332,53
1.54512575545152,0.303588538670243,0.253236423803976,54
0.303588538670243,1.50816023990646,0.292422112814834,54
0.253236423803976,0.292422112814834,0.757440225299411,54
1.47348429418372,0.303106552213125,0.248151030292124,55
0.303106552213125,1.36627567236548,0.283346544179908,55
0.248151030292124,0.283346544179908,0.739828044276203,55
1.84563823798022,0.253042306587568,0.243857724751271,56
0.253042306587568,1.33711584625625,0.285866344021358,56
0.243857724751271,0.285866344021358,0.723146283709775,56
3.87786186263987,0.365472849547998,-0.123672010021097,57
0.365472849547998,1.23554706584789,0.258275460168992,57
-0.123672010021097,0.258275460168992,0.820032444049564,57
3.49497926098675,0.390733296822316,-0.0655269726396789,58
0.390733296822315,1.21303036695816,0.253740141383029,58
-0.0655269726396789,0.253740141383029,0.797736265336993,58
3.2301223033439,0.408950698106107,0.0401345694791379,59
0.408950698106107,1.16432707430774,0.277393591329076,59
0.0401345694791379,0.277393591329076,0.849296442049028,59
3.17479997602418,0.40692610040378,0.039813777092613,60
0.40692610040378,1.1052688722885,0.273877173282811,60
0.039813777092613,0.273877173282811,0.838770439792268,60
3.66305992131437,0.727171415851116,0.133104645790617,61
0.727171415851116,1.50791837420321,0.341002860398803,61
0.133104645790617,0.341002860398803,0.822336429796646,61
3.25344822037573,0.653550216132332,0.155221050302581,62
0.653550216132332,1.36355384741307,0.321857026720712,62
0.155221050302581,0.321857026720712,0.798862075734493,62
3.05623408698216,0.757203404144622,0.183777678763484,63
0.757203404144622,1.68620870503367,0.354020639973866,63
0.183777678763484,0.354020639973866,0.778354637083763,63
3.10902124182134,0.702004757064497,0.122543606168809,64
0.702004757064497,1.48725831495215,0.328345959498441,64
0.122543606168809,0.328345959498441,0.799998419291774,64
6.5220435918415,1.88588349922692,0.334292507856043,65
1.88588349922692,2.32092029857233,0.438653617486825,65
0.334292507856043,0.438653617486825,0.787995476855322,65
5.85627156514184,1.70627443200795,0.308089559064937,66
1.70627443200795,2.18070756691125,0.385255216686165,66
0.308089559064937,0.385255216686165,0.77810035169036,66
5.20347681177918,1.47832059360873,0.325084690988932,67
1.47832059360873,1.92308031788564,0.373234100675649,67
0.325084690988931,0.373234100675649,0.76598868100225,67
4.57917702097595,1.26595937016937,0.311028686215952,68
1.26595937016937,1.79441974285552,0.371390293205766,68
0.311028686215952,0.371390293205766,0.752393273753782,68
4.07147804244785,1.14706420458631,0.316983506746417,69
1.14706420458631,1.72105910273768,0.374806509921618,69
0.316983506746417,0.374806509921618,0.740428547481811,69
4.68956465192334,1.01697199057835,0.358268277131098,70
1.01697199057835,1.55131743404904,0.346296946451375,70
0.358268277131098,0.346296946451375,0.72352632688365,70
4.42158693978775,0.991999640396598,0.376907761874551,71
0.991999640396598,1.49484111416847,0.347010052574215,71
0.376907761874551,0.347010052574215,0.711911756039609,71
4.37425796827585,0.910762848370026,0.371911331250429,72
0.910762848370026,1.34767508256646,0.3250521332027,72
0.371911331250429,0.3250521332027,0.696038231338942,72
4.19412585169602,1.22358212614209,0.402625863810322,73
1.22358212614209,2.23391318286753,0.446085758483107,73
0.402625863810322,0.446085758483107,0.691865620524043,73
3.72539868636462,1.04161390146863,0.391126638729946,74
1.04161390146863,1.88979381101456,0.402880337202422,74
0.391126638729946,0.402880337202422,0.692625764101313,74
3.334959765974,0.967654255227516,0.380618977937416,75
0.967654255227516,1.85819263135831,0.417354447609342,75
0.380618977937416,0.417354447609342,0.69121331970402,75
3.01452524031672,0.861074043780202,0.367869042912142,76
0.861074043780202,1.65464756148756,0.391840634430227,76
0.367869042912142,0.391840634430227,0.681926002395606,76
2.72152262837312,0.754857529713065,0.364709750025667,77
0.754857529713065,1.46526439416924,0.34846017247644,77
0.364709750025667,0.34846017247644,0.757159728576154,77
2.84681034779209,0.94304398753401,0.401446817601652,78
0.94304398753401,1.79016323905384,0.405911466065459,78
0.401446817601652,0.405911466065459,0.748404938030031,78
2.6996145412673,0.809015211661762,0.370666682129133,79
0.809015211661762,1.67519018926653,0.389119533154092,79
0.370666682129134,0.389119533154092,0.731523131664968,79
3.62863955137134,1.539408072734,0.44750393604871,80
1.539408072734,2.77509682217346,0.496108334076128,80
0.447503936048711,0.496108334076128,0.719363199350807,80
3.43540786981954,1.28162690658618,0.43396171813227,81
1.28162690658618,2.38175235035806,0.442466441294096,81
0.43396171813227,0.442466441294096,0.704408304716919,81
3.23336820674628,1.12656409038985,0.476014251059931,82
1.12656409038985,2.03062575240147,0.424040447169884,82
0.476014251059931,0.424040447169883,0.758867394403812,82
3.50610649373454,1.10599287543241,0.574459738869239,83
1.10599287543241,1.81425848637454,0.423314240230713,83
0.574459738869239,0.423314240230713,0.786090994643686,83
3.24707278539553,1.02803222571219,0.437158609415315,84
1.02803222571219,1.70776816447696,0.315008213735912,84
0.437158609415315,0.315008213735912,0.922853463981881,84
3.00431484481509,0.946786319255429,0.444709286342242,85
0.946786319255429,1.59157286156798,0.334145993826957,85
0.444709286342242,0.334145993826957,0.922432838060581,85
2.71979338967405,0.85438606143362,0.402300486835397,86
0.85438606143362,1.49215264185752,0.300839520878959,86
0.402300486835397,0.300839520878959,0.912967434688548,86
2.46247384914358,0.757060169649956,0.37881247754991,87
0.757060169649956,1.39239975776567,0.286917954152914,87
0.37881247754991,0.286917954152914,0.885551206849515,87
2.31897882120803,0.701408184498327,0.348856708276457,88
0.701408184498327,1.29596603991789,0.274264484506346,88
0.348856708276457,0.274264484506346,0.86172084947577,88
2.14385395117915,0.63127066268956,0.318005987347475,89
0.63127066268956,1.20392467387098,0.272945002476217,89
0.318005987347475,0.272945002476217,0.85666636727106,89
2.45076617145867,0.734092438749586,0.350680814059754,90
0.734092438749586,1.25717142781241,0.289260684669288,90
0.350680814059754,0.289260684669288,0.833772744545911,90
2.25263931360306,0.658306164065889,0.333730523283424,91
0.658306164065889,1.20109159452245,0.282487942323141,91
0.333730523283424,0.282487942323141,0.809427715404903,91
2.11091999914753,0.667083369440862,0.325396773219239,92
0.667083369440862,1.31531006311308,0.301130737440137,92
0.325396773219239,0.301130737440137,0.788623628667767,92
1.97169775647478,0.60157971234495,0.319836204908907,93
0.601579712344949,1.22179830803089,0.285365408005347,93
0.319836204908907,0.285365408005347,0.775240072609591,93
1.83746571852525,0.551159436893299,0.306953600435102,94
0.551159436893299,1.14771353788691,0.276333655644245,94
0.306953600435102,0.276333655644244,0.756602142628165,94
1.99563015391211,0.596106897414209,0.2434503961906,95
0.596106897414209,1.15195428770707,0.247697500977585,95
0.2434503961906,0.247697500977585,0.761867139955488,95
2.24940897037236,0.58959188853653,0.200308595218789,96
0.58959188853653,1.09668074200364,0.242936059565065,96
0.200308595218789,0.242936059565065,0.755963106338639,96
2.06778127020038,0.546169516217527,0.199656532784953,97
0.546169516217527,1.05492870181149,0.241338255221472,97
0.199656532784953,0.241338255221472,0.75916714629139,97
2.02324428309992,0.543808090128561,0.180203490686701,98
0.543808090128561,1.0483348354596,0.230257664626274,98
0.180203490686701,0.230257664626274,0.753812135802338,98
2.15470786640657,0.672286811856287,0.144634643626766,99
0.672286811856287,1.2468562899508,0.199056891757363,99
0.144634643626766,0.199056891757363,0.752779788898725,99
2.00491400489623,0.616055086264882,0.18481614255607,100
0.616055086264883,1.17112340196627,0.217410447897254,100
0.18481614255607,0.217410447897254,0.817317974065882,100
1.90622754978868,0.610806348285758,0.232612322531586,101
0.610806348285758,1.20691317825032,0.282539613840634,101
0.232612322531586,0.282539613840634,0.872208907638674,101
1.78190051132133,0.561275899707688,0.239347894925121,102
0.561275899707688,1.13749915891942,0.279821568946895,102
0.239347894925121,0.279821568946895,0.867366047728648,102
2.16399827501348,0.624385549247495,0.218757358011098,103
0.624385549247495,1.1238536583642,0.268201228093068,103
0.218757358011098,0.268201228093068,0.845947460852643,103
2.01492056960953,0.572412184932604,0.220511400924271,104
0.572412184932604,1.16635399269899,0.274253291751401,104
0.220511400924271,0.274253291751401,0.820962095290188,104
1.93876140167797,0.57441664768467,0.237221394113341,105
0.57441664768467,1.17941276973792,0.287013727750252,105
0.237221394113341,0.287013727750252,0.802604198052149,105
1.87954227328101,0.522136250112247,0.245394084279379,106
0.522136250112247,1.14816475243345,0.277354166986199,106
0.245394084279379,0.277354166986199,0.781751802695581,106
1.79313920140592,0.535760189726148,0.245979890608519,107
0.535760189726148,1.21683763074835,0.284445700804669,107
0.245979890608519,0.284445700804669,0.76130520865705,107
1.74455423005981,0.518446866796273,0.261953485252895,108
0.518446866796273,1.16068931932746,0.285888853622886,108
0.261953485252895,0.285888853622886,0.751702217283761,108
1.66453353422647,0.483840613247017,0.261873818147648,109
0.483840613247017,1.10392519965023,0.276211149305427,109
0.261873818147648,0.276211149305427,0.735803734481349,109
1.62309157376303,0.472820724401114,0.258581952296675,110
0.472820724401114,1.0727742419534,0.271834382939485,110
0.258581952296675,0.271834382939485,0.718362304706149,110
1.63625861483692,0.85478245898594,0.29734998420942,111
0.854782458985941,3.31059137620031,0.601754476260525,111
0.29734998420942,0.601754476260525,0.735931307330384,111
1.81897448286372,0.770581068417056,0.369204159861704,112
0.770581068417056,2.67830387825023,0.521859573487417,112
0.369204159861704,0.521859573487417,0.753899994483865,112
2.15015490556634,0.721168865426563,0.412838642057943,113
0.721168865426563,2.21472236009808,0.462706217609885,113
0.412838642057943,0.462706217609885,0.74323791171228,113
2.02206780040735,0.651626202897755,0.374459483405432,114
0.651626202897755,1.89431094054912,0.412219896348895,114
0.374459483405432,0.412219896348895,0.730065895698701,114
1.87887819124399,0.586203501165209,0.355429666616781,115
0.586203501165209,1.64655194651133,0.382012671723978,115
0.355429666616781,0.382012671723978,0.733805293565873,115
1.84056331126361,0.53332112791917,0.308740408231365,116
0.53332112791917,1.46403427428793,0.358501858067852,116
0.308740408231365,0.358501858067852,0.735298723483798,116
1.72581629216616,0.502645549875107,0.298231839739342,117
0.502645549875107,1.36963015590263,0.350124916544766,117
0.298231839739342,0.350124916544766,0.72604455136932,117
1.68713886352457,0.464331874937547,0.276968960203491,118
0.464331874937547,1.26734661081127,0.333887275750181,118
0.27696896020349,0.333887275750181,0.7130081280981,118
1.62510871644615,0.465148513700555,0.297544175820442,119
0.465148513700555,1.24393156669864,0.357819551599966,119
0.297544175820442,0.357819551599966,0.755870203942979,119
1.89198165612745,0.394327153193154,0.232930101905266,120
0.394327153193154,1.28537472842045,0.382047509593156,120
0.232930101905266,0.382047509593156,0.760590945364225,120
2.30385029267291,0.293097746292514,0.228896792585275,121
0.293097746292514,1.4104193454863,0.388738736662239,121
0.228896792585275,0.388738736662239,0.74277616832583,121
2.62719177881951,0.556698150622476,0.104404430629293,122
0.556698150622476,1.77423901628016,0.266976402828084,122
0.104404430629293,0.266976402828084,0.801604059844158,122
5.40981579400397,2.22805691891472,0.645801310077999,123
2.22805691891472,3.87283679040487,0.749343765781428,123
0.645801310077999,0.749343765781428,0.914420067703348,123
5.01821229290336,1.85201173968258,0.687794138762219,124
1.85201173968258,3.09063079207449,0.647634611047574,124
0.687794138762219,0.647634611047574,0.982779433495529,124
4.4687282977601,1.54309194501883,0.660068736427591,125
1.54309194501883,2.67231631321629,0.541297760273649,125
0.660068736427591,0.541297760273649,1.00171020074887,125
4.34296994859455,1.38479267729365,0.651500725713687,126
1.38479267729366,2.26560322957808,0.498188275683036,126
0.651500725713687,0.498188275683037,0.974312859879066,126
4.00345008047312,1.49731860824101,0.540602764610323,127
1.49731860824101,2.85868928141524,0.375654834745648,127
0.540602764610323,0.375654834745648,1.00811846706837,127
3.55332003552465,1.34234623499742,0.522994571323522,128
1.34234623499742,2.72959294611773,0.479396488950295,128
0.522994571323522,0.479396488950295,1.09617543502757,128
4.75701491994392,1.55413060738959,0.714943115184025,129
1.55413060738959,2.52968634351811,0.508881527291581,129
0.714943115184025,0.508881527291581,1.09881506501569,129
5.16520515464115,2.04663367661013,0.858124278823397,130
2.04663367661013,3.42883897009441,0.735083418977061,130
0.858124278823397,0.735083418977061,1.14038796324809,130
4.5541380529054,1.67213629534628,0.7542842139638,131
1.67213629534628,2.79313599861288,0.654089046753413,131
0.7542842139638,0.654089046753414,1.11601072289722,131
4.47803443420662,1.57820183483846,0.707293968005706,132
1.57820183483846,2.51339709043199,0.596928160452026,132
0.707293968005706,0.596928160452026,1.07201778967023,132
4.22613250207007,1.41711535524477,0.65838115174503,133
1.41711535524477,2.19439554949834,0.541465099112064,133
0.65838115174503,0.541465099112064,1.03133508553746,133
3.7266677674361,1.25558232639647,0.596250186484319,134
1.25558232639647,2.12709118034695,0.519192730221388,134
0.596250186484319,0.519192730221388,0.994479284592094,134
3.39285072772967,1.12029289412264,0.578472277010876,135
1.12029289412264,1.90755187286682,0.506024511315872,135
0.578472277010876,0.506024511315872,0.992510688952776,135
3.03013215675009,0.95816601578344,0.530847004543909,136
0.95816601578344,1.6496695722346,0.455790959274334,136
0.530847004543909,0.455790959274334,0.970036531112679,136
5.08213347553933,2.14948939098853,1.06672875912794,137
2.14948939098853,2.9430827219268,0.884845108559655,137
1.06672875912794,0.884845108559655,1.12048446669612,137
4.74537811156132,1.81134702100713,1.01585135632477,138
1.81134702100713,2.41986740977357,0.771465645785914,138
1.01585135632477,0.771465645785914,1.1113130355045,138
4.32262304523179,1.50721603380301,0.924709518430913,139
1.50721603380301,2.11566173236744,0.669900182985843,139
0.924709518430913,0.669900182985843,1.07468025107253,139
3.83363188973021,1.32574772250702,0.833850338356061,140
1.32574772250702,1.96403185266239,0.644545656458247,140
0.833850338356061,0.644545656458247,1.06121057907427,140
3.63069077242882,1.29368027840158,0.814254881698906,141
1.29368027840158,1.97215834798289,0.662558137452472,141
0.814254881698906,0.662558137452472,1.0623421051064,141
3.23205134957736,1.09701292930773,0.734106622448807,142
1.09701292930773,1.7219097505519,0.568317675622577,142
0.734106622448807,0.568317675622577,1.07517554874116,142
3.14708577987453,1.05934542516272,0.699321860432743,143
1.05934542516272,1.64397873432784,0.542501898189219,143
0.699321860432742,0.54250189818922,1.04071257269126,143
3.05521131396458,1.09560908604905,0.67541009509547,144
1.09560908604905,1.7584819744101,0.558265462862226,144
0.67541009509547,0.558265462862226,1.01389625094907,144
3.0623459076411,1.44030409890152,0.65443874673454,145
1.44030409890152,2.81050133203943,0.666347309491943,145
0.65443874673454,0.666347309491943,0.982751095790605,145
2.74978383675611,1.2002884301572,0.586367791469321,146
1.2002884301572,2.32147947239291,0.581362012581275,146
0.586367791469321,0.581362012581275,0.949366048289435,146
2.49317873325626,1.07079680968487,0.513123973699365,147
1.07079680968487,2.18302270951627,0.467335388557094,147
0.513123973699365,0.467335388557094,0.978645826760145,147
2.37592840530881,1.04508008024437,0.323184391053155,148
1.04508008024437,2.17699181171909,0.225147269888699,148
0.323184391053155,0.225147269888699,1.40614414904723,148
3.06011302435467,0.889029232686328,0.369350922551137,149
0.889029232686328,1.96436440576815,0.230948684163899,149
0.369350922551137,0.230948684163899,1.34326164295421,149
2.75887740337503,0.776834063361148,0.347605217304089,150
0.776834063361148,1.69113780966256,0.236521983273899,150
0.347605217304089,0.236521983273899,1.31061076715057,150
2.93345078673167,0.72242642039772,0.440898370567032,151
0.72242642039772,1.4908587646571,0.240322054857906,151
0.440898370567032,0.240322054857906,1.30078522282353,151
2.65397140346775,0.651592390650564,0.401868440639174,152
0.651592390650564,1.42471998928086,0.284366624068294,152
0.401868440639174,0.284366624068294,1.2955339987245,152
2.40955402720762,0.591492985821801,0.391704726196854,153
0.591492985821801,1.30036223247883,0.274034484319717,153
0.391704726196854,0.274034484319717,1.28410016448044,153
2.26194020447558,0.549397745537978,0.382529026121463,154
0.549397745537978,1.20426319934719,0.273408418328912,154
0.382529026121463,0.273408418328912,1.23015796465372,154
2.16636586983264,0.502811041693168,0.369160663354015,155
0.502811041693168,1.163915663307,0.275435654557649,155
0.369160663354015,0.275435654557649,1.17814161928841,155
2.25395144743636,0.553979094471176,0.402195526933783,156
0.553979094471176,1.17276299566239,0.298114065707819,156
0.402195526933783,0.298114065707819,1.14204016638244,156
2.07846420827637,0.518516682722933,0.391300256047643,157
0.518516682722933,1.11240923134724,0.29818945973091,157
0.391300256047643,0.29818945973091,1.12988252140096,157
1.95921398266898,0.499107393169382,0.367605044721781,158
0.499107393169382,1.07575336615021,0.292980453694948,158
0.367605044721781,0.292980453694948,1.0859828503613,158
2.01249506403807,0.566111128034217,0.372923264004412,159
0.566111128034217,1.15968433548791,0.309991857980683,159
0.372923264004412,0.309991857980683,1.04604369018602,159
1.90894740726711,0.522956531155345,0.357208107426806,160
0.522956531155345,1.10884351847256,0.302581300374686,160
0.357208107426806,0.302581300374686,1.00700696582672,160
1.818245176839,0.500791433990932,0.335803906990631,161
0.500791433990932,1.06971210070978,0.294894040461587,161
0.335803906990631,0.294894040461587,0.972184331564595,161
2.17805176120515,0.700656484844617,0.40911967596426,162
0.700656484844617,1.29063496438185,0.355666217758942,162
0.40911967596426,0.355666217758942,0.954422814597016,162
2.00680879520237,0.653403150449271,0.359273953198399,163
0.653403150449271,1.36879891863888,0.486304847181341,163
0.359273953198399,0.486304847181341,1.18820936652707,163
2.57512677617586,0.851227765667299,0.523125421875221,164
0.851227765667299,1.47470589780066,0.545836844701702,164
0.523125421875221,0.545836844701702,1.20634321969849,164
2.38791083144336,0.762915670432191,0.529284111294622,165
0.762915670432191,1.33767019518624,0.512748603803563,165
0.529284111294622,0.512748603803563,1.26607538263599,165
2.86614637257451,0.823660629512444,0.601779924744731,166
0.823660629512444,1.28255945636317,0.496816264860706,166
0.601779924744731,0.496816264860705,1.23098078046942,166
2.5841882667171,0.771988078360638,0.548360104256511,167
0.771988078360638,1.35882876115395,0.476461231715095,167
0.548360104256511,0.476461231715095,1.17903238528202,167
2.5190262720562,0.898259664149331,0.5345689945174,168
0.898259664149331,1.74141404448332,0.525714619392312,168
0.5345689945174,0.525714619392312,1.13722912666223,168
2.3957546223788,0.845569878556593,0.52570481991745,169
0.845569878556593,1.62317495271216,0.51141767242378,169
0.52570481991745,0.51141767242378,1.11241316448029,169
2.33063274749836,0.825312337893707,0.466404348883441,170
0.825312337893707,1.56124251385779,0.456804166256068,170
0.466404348883441,0.456804166256068,1.07950567228651,170
2.74714152737122,0.926623854936138,0.327844271722236,171
0.926623854936138,1.5425291075824,0.375037523185249,171
0.327844271722236,0.375037523185249,1.10307977723082,171
2.49090953256326,0.822799363482807,0.322802164916008,172
0.822799363482807,1.41219602215432,0.363196299784334,172
0.322802164916008,0.363196299784334,1.06443157721805,172
2.28159388008692,0.73105826762748,0.322255472382021,173
0.731058267627481,1.33613281129715,0.333155032598626,173
0.322255472382021,0.333155032598626,1.03711186796353,173
2.12145748169657,0.680939280809126,0.303016008689751,174
0.680939280809126,1.27640700073823,0.311790730521199,174
0.303016008689751,0.311790730521199,1.00645866950361,174
1.96351689295986,0.789767864101386,0.287381679637152,175
0.789767864101386,4.87154518525525,0.66334397642301,175
0.287381679637152,0.66334397642301,0.989956691909621,175
1.83622439440685,0.691040642672504,0.291458164781414,176
0.691040642672504,3.82496866690013,0.575442471317746,176
0.291458164781414,0.575442471317746,0.974500847102637,176
1.96590265194452,0.593850663619839,0.334992303637651,177
0.593850663619839,3.2041090148831,0.498029285164222,177
0.334992303637651,0.498029285164222,0.952990461750651,177
1.84038810524038,0.535446563710324,0.383158627286069,178
0.535446563710323,2.71942477953672,0.279819419809926,178
0.383158627286069,0.279819419809926,1.89232210910392,178
1.86286873328277,0.512595435850813,0.372917671962188,179
0.512595435850813,2.255133046514,0.276368455569924,179
0.372917671962188,0.276368455569924,1.79435136742135,179
1.74035216975297,0.471697426267,0.361036475490528,180
0.471697426267,1.91100888994397,0.286364190193226,180
0.361036475490528,0.286364190193226,1.80159174945616,180
1.75421895957672,0.497953804232601,0.329698745448412,181
0.497953804232601,1.76692369098164,0.270366630120955,181
0.329698745448412,0.270366630120955,1.73090612548033,181
1.7219878009771,0.480090664766171,0.285720223710495,182
0.480090664766171,1.56271944475825,0.257209597246229,182
0.285720223710495,0.257209597246229,1.72565081351744,182
2.23393520655173,0.690276577781663,0.2760805897741,183
0.690276577781663,1.68949053299473,0.259038566444652,183
0.2760805897741,0.259038566444652,1.64444786314095,183
2.05421803502629,0.630904843889454,0.270638810699433,184
0.630904843889454,1.61531551540612,0.340649883809883,184
0.270638810699433,0.340649883809883,1.72732131059085,184
2.33767772650164,0.536244455795245,0.280653235653659,185
0.536244455795245,1.58330354889561,0.347217419818654,185
0.280653235653659,0.347217419818654,1.64138869992221,185
2.84179651005701,0.7035139821343,0.170678084644007,186
0.7035139821343,1.61152718284459,0.289622216648262,186
0.170678084644007,0.289622216648262,1.63688346744922,186
2.58863740121859,0.70191542135132,0.149922585580555,187
0.70191542135132,1.70742525369118,0.161719524903226,187
0.149922585580555,0.161719524903226,1.83778067790598,187
2.35779176211954,0.627961828294587,0.161703431656635,188
0.627961828294587,1.50524283452017,0.193220972869361,188
0.161703431656635,0.193220972869361,1.85882433067953,188
2.15685368659674,0.575041308295695,0.183088068733873,189
0.575041308295695,1.39991107793322,0.232791849587552,189
0.183088068733873,0.232791849587552,1.79764255765068,189
2.03692890249509,0.521333561556734,0.189604211236734,190
0.521333561556734,1.34996150723469,0.264569918759696,190
0.189604211236734,0.264569918759696,1.71962265728616,190
1.88821782503681,0.485157795956887,0.20860121451429,191
0.485157795956887,1.2411773527893,0.269308699492412,191
0.20860121451429,0.269308699492412,1.63527906831124,191
1.80339011811387,0.44956494971258,0.210666068470702,192
0.44956494971258,1.44412623240312,0.327133574774557,192
0.210666068470702,0.327133574774557,1.56584062228821,192
1.69570267898258,0.424876564906206,0.220934791068416,193
0.424876564906206,1.31035553799796,0.321169321241442,193
0.220934791068416,0.321169321241442,1.49326282028075,193
1.66568915219975,0.391265587172755,0.260406899799569,194
0.391265587172755,1.29051322744787,0.295843772385164,194
0.260406899799569,0.295843772385164,1.44786748192668,194
1.64402797349904,0.397425784539362,0.28531981213821,195
0.397425784539362,1.21250222687319,0.303352021205241,195
0.28531981213821,0.303352021205241,1.39196970723764,195
1.66420983000077,0.405306838334868,0.285978841420796,196
0.405306838334868,1.14919141796371,0.300672609844814,196
0.285978841420796,0.300672609844814,1.32881604026179,196
1.58654359055126,0.391702562980725,0.285592376096485,197
0.391702562980725,1.09411303907902,0.298018896819458,197
0.285592376096485,0.298018896819458,1.27035538004361,197
1.5278738561067,0.380170077310663,0.291969271264332,198
0.380170077310663,1.05542118770796,0.293209733469165,198
0.291969271264332,0.293209733469165,1.22382435645836,198
1.63004416122901,0.456972055211517,0.277597229862294,199
0.456972055211517,1.13773063448115,0.287748117838701,199
0.277597229862294,0.287748117838701,1.17560977136764,199
1.57938038629085,0.428840541478493,0.29961547103607,200
0.428840541478493,1.10992019468825,0.267718908469808,200
0.29961547103607,0.267718908469808,1.16093948289225,200
1.50741934029468,0.410505068013551,0.288875784075047,201
0.410505068013551,1.07948936095347,0.275625739591865,201
0.288875784075047,0.275625739591865,1.11839105650288,201
1.69572386371207,0.524560996750663,0.24414994931447,202
0.524560996750663,1.20457666138957,0.249460386490506,202
0.24414994931447,0.249460386490506,1.09154599766963,202
1.68492365296039,0.52953009367761,0.206784041807794,203
0.52953009367761,1.18362443973335,0.225069592390098,203
0.206784041807794,0.225069592390098,1.08847325864512,203
1.73263035208381,0.469302212070529,0.275742938288966,204
0.469302212070528,1.23078863619229,0.189753875014734,204
0.275742938288966,0.189753875014734,1.09140409039561,204
1.64388730879896,0.44061551497243,0.285971154575855,205
0.44061551497243,1.18119168975681,0.182925432726204,205
0.285971154575855,0.182925432726204,1.08332476667202,205
1.72538025033841,0.51867534660171,0.270557624371073,206
0.51867534660171,1.2706989300369,0.188506540596405,206
0.270557624371073,0.188506540596405,1.04497875672567,206
1.99900496771413,0.56946259273918,0.375601181901976,207
0.56946259273918,1.22444906468817,0.229419643632937,207
0.375601181901976,0.229419643632937,1.04979058925052,207
1.90883566233063,0.528185728592051,0.374029951766801,208
0.528185728592051,1.14996701370173,0.231395866504912,208
0.374029951766801,0.231395866504912,1.02174250558197,208
1.95115842399931,0.50393560054865,0.356977635719954,209
0.50393560054865,1.0945732680913,0.236096754444154,209
0.356977635719954,0.236096754444154,0.984618179014714,209
2.1270271100424,0.590373756930753,0.394324359506612,210
0.590373756930753,1.1618630733286,0.269862015066703,210
0.394324359506612,0.269862015066703,0.959974955303233,210
2.20119154317247,0.536607360310668,0.407163346280035,211
0.536607360310669,1.13260429947767,0.260351270804463,211
0.407163346280035,0.260351270804463,0.932290417715605,211
2.0438596908053,0.503516129083027,0.382020934092144,212
0.503516129083027,1.08129482701136,0.258775840394729,212
0.382020934092144,0.258775840394729,0.901330775986281,212
1.94226554474384,0.476145403100251,0.355493737783077,213
0.476145403100251,1.04536117527451,0.258610774987928,213
0.355493737783077,0.258610774987928,0.873237973715296,213
1.80826270836425,0.47809272766936,0.337650718469029,214
0.47809272766936,1.16716385118434,0.308320327670145,214
0.337650718469029,0.308320327670145,0.866929308650867,214
1.84000143974392,0.429049652134302,0.346499145863533,215
0.429049652134302,1.18582920558115,0.290200389506142,215
0.346499145863533,0.290200389506143,0.844932580919821,215
1.96218117002511,0.422827559675052,0.362443066769748,216
0.422827559675052,1.12085276619468,0.280626050693447,216
0.362443066769748,0.280626050693447,0.823798781674432,216
1.82400337011152,0.408175552985284,0.33718838810973,217
0.408175552985284,1.07299272477593,0.271480126360359,217
0.33718838810973,0.271480126360359,0.81956389309087,217
1.72199526113356,0.395279066669415,0.327257658490718,218
0.395279066669415,1.03947273098497,0.263817753344368,218
0.327257658490718,0.263817753344368,0.805192312776795,218
1.62215958892208,0.385717156733555,0.308136785071974,219
0.385717156733555,1.01411044714369,0.263195447508481,219
0.308136785071974,0.263195447508481,0.799258785778829,219
1.55019045910001,0.373862369350296,0.294782737045421,220
0.373862369350296,1.05853371978924,0.264930575993281,220
0.294782737045421,0.264930575993281,0.777292263643429,220
1.69507245851118,0.378175262308345,0.2566527790701,221
0.378175262308345,1.02713200512492,0.261488593892265,221
0.2566527790701,0.261488593892265,0.766751303202139,221
1.59959411929707,0.374786946236144,0.250205235558218,222
0.374786946236144,1.02519474193708,0.256028606094934,222
0.250205235558218,0.256028606094934,0.748339927337589,222
1.85019382144741,0.383424101646076,0.270967543843829,223
0.383424101646076,1.00295056921985,0.252971336231249,223
0.270967543843829,0.252971336231249,0.73071449389625,223
1.73281678542223,0.376009465125424,0.257982736143725,224
0.376009465125424,0.993593745632275,0.257038203755732,224
0.257982736143725,0.257038203755732,0.722895645747357,224
1.65134514674485,0.366316772577194,0.237589152383257,225
0.366316772577194,1.36692455467148,0.342241947111986,225
0.237589152383257,0.342241947111986,0.723064759545897,225
1.59700778118469,0.39064610504233,0.243103758080794,226
0.39064610504233,1.34733007788471,0.340510767692631,226
0.243103758080794,0.340510767692631,0.709744219456788,226
1.96220558857333,0.51320787977094,0.404612990931836,227
0.51320787977094,1.35535806155177,0.39145921066081,227
0.404612990931837,0.39145921066081,0.779367070448031,227
1.94790234921659,0.533746524283213,0.400632541570799,228
0.533746524283213,1.31952727457931,0.383185681558303,228
0.400632541570799,0.383185681558303,0.764579396518146,228
1.85414510959332,0.494478497384137,0.40059209239867,229
0.494478497384137,1.22242067411377,0.34701212213819,229
0.40059209239867,0.34701212213819,0.785783084341168,229
1.77020510610814,0.466187559853483,0.37167200401282,230
0.466187559853483,1.14746669598104,0.328106377557539,230
0.37167200401282,0.328106377557539,0.765104513149771,230
1.87316584416002,0.520159378839939,0.451868547793159,231
0.520159378839939,1.16857445284212,0.371039207599998,231
0.451868547793159,0.371039207599998,0.831899833125445,231
2.13159512326485,0.623826076774071,0.530301210810641,232
0.623826076774071,1.23058770144086,0.409060659286533,232
0.530301210810641,0.409060659286533,0.853090238108429,232
1.96668228866624,0.571058996876562,0.480107059930976,233
0.571058996876562,1.15336052165858,0.381854414622988,233
0.480107059930976,0.381854414622988,0.838893766454825,233
2.21486036031408,0.553480658840255,0.43124384718441,234
0.553480658840255,1.09715016757167,0.360359945779009,234
0.43124384718441,0.360359945779009,0.820338359924368,234
2.25966408310227,0.576681574941905,0.391081104417414,235
0.576681574941905,1.09401160827114,0.336915661130588,235
0.391081104417414,0.336915661130588,0.801080558965377,235
2.10580818768256,0.53135352827923,0.340192022168223,236
0.531353528279229,1.0906781402679,0.351451478614378,236
0.340192022168223,0.351451478614377,0.824162933914603,236
2.06562795176238,0.569748216610147,0.348225070561806,237
