{
 "cells": [
  {
   "cell_type": "markdown",
   "metadata": {},
   "source": [
    "# Import Data"
   ]
  },
  {
   "cell_type": "code",
   "execution_count": 37,
   "metadata": {},
   "outputs": [],
   "source": [
    "from predictorStarter import * # this file contains the import of every dataset, libraries needed and the initial plotting of the data\n",
    "from predictorsImplementation import * # this file contains the implementation of the predictors ( one function implementation for each predictor)"
   ]
  },
  {
   "cell_type": "code",
   "execution_count": 38,
   "metadata": {},
   "outputs": [],
   "source": [
    "def plot_prices_volatilities_for_rw(stock_prices, real_volatility, real_volatility_startDate, real_volatility_endDate, rw_volatility, asset_name):\n",
    "    '''\n",
    "    Function to plot prices and volatilities for rolling window\n",
    "    '''\n",
    "     # filter the real volatility between the start and end date\n",
    "    real_volatility_startDate = pd.to_datetime(real_volatility_startDate)\n",
    "    real_volatility_endDate = pd.to_datetime(real_volatility_endDate)\n",
    "\n",
    "    # Correct way to filter using & operator and parentheses\n",
    "    real_volatility_filtered = real_volatility[(real_volatility.index >= real_volatility_startDate) & (real_volatility.index <= real_volatility_endDate)]\n",
    "    fig, (ax1, ax2) = plt.subplots(2, 1, figsize=(16, 11), sharex=True)\n",
    "\n",
    "    # Plot stock prices\n",
    "    ax1.plot(stock_prices[asset_name], label=f'{asset_name} Price', color='green')\n",
    "    ax1.set_title(f'{asset_name} Stock Prices')\n",
    "    ax1.set_ylabel('Price(dollars)')\n",
    "    ax1.legend(loc='upper left')\n",
    "\n",
    "    # Plot real and rolling window volatilities\n",
    "    ax2.plot(real_volatility_filtered, label=f'Real {asset_name} Volatility', color='blue')\n",
    "    ax2.plot(rw_volatility, label=f'RW {asset_name} Volatility', color='orange', linestyle='--')\n",
    "    ax2.set_title(f'{asset_name} Volatility: Real vs Rolling Window')\n",
    "    ax2.set_xlabel('Time(days)')\n",
    "    ax2.set_ylabel('Volatility(%)')\n",
    "    ax2.legend(loc='upper left')\n",
    "\n",
    "    # Set x-axis limits to match the start and end dates\n",
    "    ax1.set_xlim(left=real_volatility_startDate, right=real_volatility_endDate)\n",
    "    ax2.set_xlim(left=real_volatility_startDate, right=real_volatility_endDate)\n",
    "    \n",
    "    # Set x-axis limits to match the start and end dates\n",
    "    ax1.set_xlim(left=real_volatility_startDate, right=real_volatility_endDate)\n",
    "    ax2.set_xlim(left=real_volatility_startDate, right=real_volatility_endDate)\n",
    "\n",
    "    # Adding vertical lines for specific events\n",
    "    ax1.axvline(pd.Timestamp('2020-02-24'), color='gray', linestyle='--', lw=2)  # COVID start\n",
    "    ax1.axvline(pd.Timestamp('2022-02-24'), color='red', linestyle='--', lw=2)  # Ukraine War start\n",
    "\n",
    "    # Adding vertical lines for specific events\n",
    "    ax2.axvline(pd.Timestamp('2020-02-24'), color='gray', linestyle='--', lw=2)  # COVID start\n",
    "    ax2.axvline(pd.Timestamp('2022-02-24'), color='red', linestyle='--', lw=2)  # Ukraine War start\n",
    "\n",
    "    # Show the plot\n",
    "    plt.tight_layout()\n",
    "    plt.show()"
   ]
  },
  {
   "cell_type": "markdown",
   "metadata": {},
   "source": [
    "# Dictionary Initialization"
   ]
  },
  {
   "cell_type": "code",
   "execution_count": 39,
   "metadata": {},
   "outputs": [],
   "source": [
    "prescientDict = {}\n",
    "daily_log_likelihoods = {}\n",
    "daily_regrets = {}\n",
    "\n",
    "# collections for plotting charts about the performance of the RW predictor\n",
    "rwValues = []\n",
    "rwMeanRegretValues = []\n",
    "rwMeanlogLikelihoodValues = []\n",
    "prescientAlreadyPrinted = False"
   ]
  },
  {
   "cell_type": "markdown",
   "metadata": {},
   "source": [
    "# Covariance Predictors"
   ]
  },
  {
   "cell_type": "markdown",
   "metadata": {},
   "source": [
    "PRESCIENT(GROUND TRUTH)"
   ]
  },
  {
   "cell_type": "code",
   "execution_count": 40,
   "metadata": {},
   "outputs": [
    {
     "name": "stdout",
     "output_type": "stream",
     "text": [
      "2010-01-04 00:00:00           7         20990     21177     20468     21384     21018     8045   \\\n",
      "7      0.000301  0.000114  0.000060  0.000044  0.000069  0.000056  0.000111   \n",
      "20990  0.000114  0.000102  0.000041  0.000045  0.000053  0.000039  0.000084   \n",
      "21177  0.000060  0.000041  0.000071  0.000036  0.000033  0.000015  0.000031   \n",
      "20468  0.000044  0.000045  0.000036  0.000117  0.000050  0.000044  0.000049   \n",
      "21384  0.000069  0.000053  0.000033  0.000050  0.000075  0.000030  0.000062   \n",
      "21018  0.000056  0.000039  0.000015  0.000044  0.000030  0.000048  0.000045   \n",
      "8045   0.000111  0.000084  0.000031  0.000049  0.000062  0.000045  0.000147   \n",
      "21394  0.000101  0.000072  0.000029  0.000052  0.000051  0.000049  0.000088   \n",
      "21880  0.000044  0.000026  0.000033  0.000036  0.000034  0.000016  0.000036   \n",
      "\n",
      "          21394     21880  \n",
      "7      0.000101  0.000044  \n",
      "20990  0.000072  0.000026  \n",
      "21177  0.000029  0.000033  \n",
      "20468  0.000052  0.000036  \n",
      "21384  0.000051  0.000034  \n",
      "21018  0.000049  0.000016  \n",
      "8045   0.000088  0.000036  \n",
      "21394  0.000191  0.000049  \n",
      "21880  0.000049  0.000082  \n",
      "2010-01-05 00:00:00           7         20990     21177     20468     21384     21018     8045   \\\n",
      "7      0.000301  0.000114  0.000060  0.000044  0.000069  0.000056  0.000111   \n",
      "20990  0.000114  0.000102  0.000041  0.000045  0.000053  0.000039  0.000084   \n",
      "21177  0.000060  0.000041  0.000071  0.000036  0.000033  0.000015  0.000031   \n",
      "20468  0.000044  0.000045  0.000036  0.000117  0.000050  0.000044  0.000049   \n",
      "21384  0.000069  0.000053  0.000033  0.000050  0.000075  0.000030  0.000062   \n",
      "21018  0.000056  0.000039  0.000015  0.000044  0.000030  0.000048  0.000045   \n",
      "8045   0.000111  0.000084  0.000031  0.000049  0.000062  0.000045  0.000147   \n",
      "21394  0.000101  0.000072  0.000029  0.000052  0.000051  0.000049  0.000088   \n",
      "21880  0.000044  0.000026  0.000033  0.000036  0.000034  0.000016  0.000036   \n",
      "\n",
      "          21394     21880  \n",
      "7      0.000101  0.000044  \n",
      "20990  0.000072  0.000026  \n",
      "21177  0.000029  0.000033  \n",
      "20468  0.000052  0.000036  \n",
      "21384  0.000051  0.000034  \n",
      "21018  0.000049  0.000016  \n",
      "8045   0.000088  0.000036  \n",
      "21394  0.000191  0.000049  \n",
      "21880  0.000049  0.000082  \n",
      "2010-01-06 00:00:00           7         20990     21177     20468     21384     21018     8045   \\\n",
      "7      0.000301  0.000114  0.000060  0.000044  0.000069  0.000056  0.000111   \n",
      "20990  0.000114  0.000102  0.000041  0.000045  0.000053  0.000039  0.000084   \n",
      "21177  0.000060  0.000041  0.000071  0.000036  0.000033  0.000015  0.000031   \n",
      "20468  0.000044  0.000045  0.000036  0.000117  0.000050  0.000044  0.000049   \n",
      "21384  0.000069  0.000053  0.000033  0.000050  0.000075  0.000030  0.000062   \n",
      "21018  0.000056  0.000039  0.000015  0.000044  0.000030  0.000048  0.000045   \n",
      "8045   0.000111  0.000084  0.000031  0.000049  0.000062  0.000045  0.000147   \n",
      "21394  0.000101  0.000072  0.000029  0.000052  0.000051  0.000049  0.000088   \n",
      "21880  0.000044  0.000026  0.000033  0.000036  0.000034  0.000016  0.000036   \n",
      "\n",
      "          21394     21880  \n",
      "7      0.000101  0.000044  \n",
      "20990  0.000072  0.000026  \n",
      "21177  0.000029  0.000033  \n",
      "20468  0.000052  0.000036  \n",
      "21384  0.000051  0.000034  \n",
      "21018  0.000049  0.000016  \n",
      "8045   0.000088  0.000036  \n",
      "21394  0.000191  0.000049  \n",
      "21880  0.000049  0.000082  \n",
      "2010-01-07 00:00:00           7         20990     21177     20468     21384     21018     8045   \\\n",
      "7      0.000301  0.000114  0.000060  0.000044  0.000069  0.000056  0.000111   \n",
      "20990  0.000114  0.000102  0.000041  0.000045  0.000053  0.000039  0.000084   \n",
      "21177  0.000060  0.000041  0.000071  0.000036  0.000033  0.000015  0.000031   \n",
      "20468  0.000044  0.000045  0.000036  0.000117  0.000050  0.000044  0.000049   \n",
      "21384  0.000069  0.000053  0.000033  0.000050  0.000075  0.000030  0.000062   \n",
      "21018  0.000056  0.000039  0.000015  0.000044  0.000030  0.000048  0.000045   \n",
      "8045   0.000111  0.000084  0.000031  0.000049  0.000062  0.000045  0.000147   \n",
      "21394  0.000101  0.000072  0.000029  0.000052  0.000051  0.000049  0.000088   \n",
      "21880  0.000044  0.000026  0.000033  0.000036  0.000034  0.000016  0.000036   \n",
      "\n",
      "          21394     21880  \n",
      "7      0.000101  0.000044  \n",
      "20990  0.000072  0.000026  \n",
      "21177  0.000029  0.000033  \n",
      "20468  0.000052  0.000036  \n",
      "21384  0.000051  0.000034  \n",
      "21018  0.000049  0.000016  \n",
      "8045   0.000088  0.000036  \n",
      "21394  0.000191  0.000049  \n",
      "21880  0.000049  0.000082  \n",
      "2010-01-08 00:00:00           7         20990     21177     20468     21384     21018     8045   \\\n",
      "7      0.000301  0.000114  0.000060  0.000044  0.000069  0.000056  0.000111   \n",
      "20990  0.000114  0.000102  0.000041  0.000045  0.000053  0.000039  0.000084   \n",
      "21177  0.000060  0.000041  0.000071  0.000036  0.000033  0.000015  0.000031   \n",
      "20468  0.000044  0.000045  0.000036  0.000117  0.000050  0.000044  0.000049   \n",
      "21384  0.000069  0.000053  0.000033  0.000050  0.000075  0.000030  0.000062   \n",
      "21018  0.000056  0.000039  0.000015  0.000044  0.000030  0.000048  0.000045   \n",
      "8045   0.000111  0.000084  0.000031  0.000049  0.000062  0.000045  0.000147   \n",
      "21394  0.000101  0.000072  0.000029  0.000052  0.000051  0.000049  0.000088   \n",
      "21880  0.000044  0.000026  0.000033  0.000036  0.000034  0.000016  0.000036   \n",
      "\n",
      "          21394     21880  \n",
      "7      0.000101  0.000044  \n",
      "20990  0.000072  0.000026  \n",
      "21177  0.000029  0.000033  \n",
      "20468  0.000052  0.000036  \n",
      "21384  0.000051  0.000034  \n",
      "21018  0.000049  0.000016  \n",
      "8045   0.000088  0.000036  \n",
      "21394  0.000191  0.000049  \n",
      "21880  0.000049  0.000082  \n",
      "dimension of the prescient dictionary: 3272\n",
      "2010-01-04 00:00:00\n",
      "          7         20990     21177     20468     21384     21018     8045   \\\n",
      "7      0.000301  0.000114  0.000060  0.000044  0.000069  0.000056  0.000111   \n",
      "20990  0.000114  0.000102  0.000041  0.000045  0.000053  0.000039  0.000084   \n",
      "21177  0.000060  0.000041  0.000071  0.000036  0.000033  0.000015  0.000031   \n",
      "20468  0.000044  0.000045  0.000036  0.000117  0.000050  0.000044  0.000049   \n",
      "21384  0.000069  0.000053  0.000033  0.000050  0.000075  0.000030  0.000062   \n",
      "21018  0.000056  0.000039  0.000015  0.000044  0.000030  0.000048  0.000045   \n",
      "8045   0.000111  0.000084  0.000031  0.000049  0.000062  0.000045  0.000147   \n",
      "21394  0.000101  0.000072  0.000029  0.000052  0.000051  0.000049  0.000088   \n",
      "21880  0.000044  0.000026  0.000033  0.000036  0.000034  0.000016  0.000036   \n",
      "\n",
      "          21394     21880  \n",
      "7      0.000101  0.000044  \n",
      "20990  0.000072  0.000026  \n",
      "21177  0.000029  0.000033  \n",
      "20468  0.000052  0.000036  \n",
      "21384  0.000051  0.000034  \n",
      "21018  0.000049  0.000016  \n",
      "8045   0.000088  0.000036  \n",
      "21394  0.000191  0.000049  \n",
      "21880  0.000049  0.000082  \n",
      "2010-02-17 00:00:00\n",
      "          7         20990     21177     20468     21384     21018     8045   \\\n",
      "7      0.000301  0.000114  0.000060  0.000044  0.000069  0.000056  0.000111   \n",
      "20990  0.000114  0.000102  0.000041  0.000045  0.000053  0.000039  0.000084   \n",
      "21177  0.000060  0.000041  0.000071  0.000036  0.000033  0.000015  0.000031   \n",
      "20468  0.000044  0.000045  0.000036  0.000117  0.000050  0.000044  0.000049   \n",
      "21384  0.000069  0.000053  0.000033  0.000050  0.000075  0.000030  0.000062   \n",
      "21018  0.000056  0.000039  0.000015  0.000044  0.000030  0.000048  0.000045   \n",
      "8045   0.000111  0.000084  0.000031  0.000049  0.000062  0.000045  0.000147   \n",
      "21394  0.000101  0.000072  0.000029  0.000052  0.000051  0.000049  0.000088   \n",
      "21880  0.000044  0.000026  0.000033  0.000036  0.000034  0.000016  0.000036   \n",
      "\n",
      "          21394     21880  \n",
      "7      0.000101  0.000044  \n",
      "20990  0.000072  0.000026  \n",
      "21177  0.000029  0.000033  \n",
      "20468  0.000052  0.000036  \n",
      "21384  0.000051  0.000034  \n",
      "21018  0.000049  0.000016  \n",
      "8045   0.000088  0.000036  \n",
      "21394  0.000191  0.000049  \n",
      "21880  0.000049  0.000082  \n",
      "2010-03-31 00:00:00\n",
      "          7         20990     21177     20468     21384     21018     8045   \\\n",
      "7      0.000301  0.000114  0.000060  0.000044  0.000069  0.000056  0.000111   \n",
      "20990  0.000114  0.000102  0.000041  0.000045  0.000053  0.000039  0.000084   \n",
      "21177  0.000060  0.000041  0.000071  0.000036  0.000033  0.000015  0.000031   \n",
      "20468  0.000044  0.000045  0.000036  0.000117  0.000050  0.000044  0.000049   \n",
      "21384  0.000069  0.000053  0.000033  0.000050  0.000075  0.000030  0.000062   \n",
      "21018  0.000056  0.000039  0.000015  0.000044  0.000030  0.000048  0.000045   \n",
      "8045   0.000111  0.000084  0.000031  0.000049  0.000062  0.000045  0.000147   \n",
      "21394  0.000101  0.000072  0.000029  0.000052  0.000051  0.000049  0.000088   \n",
      "21880  0.000044  0.000026  0.000033  0.000036  0.000034  0.000016  0.000036   \n",
      "\n",
      "          21394     21880  \n",
      "7      0.000101  0.000044  \n",
      "20990  0.000072  0.000026  \n",
      "21177  0.000029  0.000033  \n",
      "20468  0.000052  0.000036  \n",
      "21384  0.000051  0.000034  \n",
      "21018  0.000049  0.000016  \n",
      "8045   0.000088  0.000036  \n",
      "21394  0.000191  0.000049  \n",
      "21880  0.000049  0.000082  \n",
      "2010-05-13 00:00:00\n",
      "          7         20990     21177     20468     21384     21018     8045   \\\n",
      "7      0.000511  0.000222  0.000168  0.000146  0.000134  0.000107  0.000269   \n",
      "20990  0.000222  0.000210  0.000115  0.000125  0.000110  0.000086  0.000179   \n",
      "21177  0.000168  0.000115  0.000138  0.000091  0.000093  0.000075  0.000139   \n",
      "20468  0.000146  0.000125  0.000091  0.000151  0.000111  0.000085  0.000118   \n",
      "21384  0.000134  0.000110  0.000093  0.000111  0.000133  0.000076  0.000107   \n",
      "21018  0.000107  0.000086  0.000075  0.000085  0.000076  0.000102  0.000090   \n",
      "8045   0.000269  0.000179  0.000139  0.000118  0.000107  0.000090  0.000271   \n",
      "21394  0.000177  0.000128  0.000103  0.000083  0.000088  0.000075  0.000174   \n",
      "21880  0.000094  0.000079  0.000067  0.000078  0.000076  0.000057  0.000073   \n",
      "\n",
      "          21394     21880  \n",
      "7      0.000177  0.000094  \n",
      "20990  0.000128  0.000079  \n",
      "21177  0.000103  0.000067  \n",
      "20468  0.000083  0.000078  \n",
      "21384  0.000088  0.000076  \n",
      "21018  0.000075  0.000057  \n",
      "8045   0.000174  0.000073  \n",
      "21394  0.000227  0.000061  \n",
      "21880  0.000061  0.000113  \n",
      "2010-06-25 00:00:00\n",
      "          7         20990     21177     20468     21384     21018     8045   \\\n",
      "7      0.000511  0.000222  0.000168  0.000146  0.000134  0.000107  0.000269   \n",
      "20990  0.000222  0.000210  0.000115  0.000125  0.000110  0.000086  0.000179   \n",
      "21177  0.000168  0.000115  0.000138  0.000091  0.000093  0.000075  0.000139   \n",
      "20468  0.000146  0.000125  0.000091  0.000151  0.000111  0.000085  0.000118   \n",
      "21384  0.000134  0.000110  0.000093  0.000111  0.000133  0.000076  0.000107   \n",
      "21018  0.000107  0.000086  0.000075  0.000085  0.000076  0.000102  0.000090   \n",
      "8045   0.000269  0.000179  0.000139  0.000118  0.000107  0.000090  0.000271   \n",
      "21394  0.000177  0.000128  0.000103  0.000083  0.000088  0.000075  0.000174   \n",
      "21880  0.000094  0.000079  0.000067  0.000078  0.000076  0.000057  0.000073   \n",
      "\n",
      "          21394     21880  \n",
      "7      0.000177  0.000094  \n",
      "20990  0.000128  0.000079  \n",
      "21177  0.000103  0.000067  \n",
      "20468  0.000083  0.000078  \n",
      "21384  0.000088  0.000076  \n",
      "21018  0.000075  0.000057  \n",
      "8045   0.000174  0.000073  \n",
      "21394  0.000227  0.000061  \n",
      "21880  0.000061  0.000113  \n",
      "2010-08-09 00:00:00\n",
      "          7         20990     21177     20468     21384     21018     8045   \\\n",
      "7      0.000199  0.000074  0.000054  0.000060  0.000067  0.000058  0.000086   \n",
      "20990  0.000074  0.000121  0.000044  0.000044  0.000024  0.000061  0.000096   \n",
      "21177  0.000054  0.000044  0.000112  0.000047  0.000050  0.000035  0.000070   \n",
      "20468  0.000060  0.000044  0.000047  0.000073  0.000050  0.000031  0.000069   \n",
      "21384  0.000067  0.000024  0.000050  0.000050  0.000085  0.000033  0.000057   \n",
      "21018  0.000058  0.000061  0.000035  0.000031  0.000033  0.000081  0.000073   \n",
      "8045   0.000086  0.000096  0.000070  0.000069  0.000057  0.000073  0.000382   \n",
      "21394  0.000095  0.000083  0.000083  0.000064  0.000061  0.000077  0.000089   \n",
      "21880  0.000054  0.000036  0.000044  0.000044  0.000049  0.000033  0.000062   \n",
      "\n",
      "          21394     21880  \n",
      "7      0.000095  0.000054  \n",
      "20990  0.000083  0.000036  \n",
      "21177  0.000083  0.000044  \n",
      "20468  0.000064  0.000044  \n",
      "21384  0.000061  0.000049  \n",
      "21018  0.000077  0.000033  \n",
      "8045   0.000089  0.000062  \n",
      "21394  0.000227  0.000042  \n",
      "21880  0.000042  0.000083  \n"
     ]
    }
   ],
   "source": [
    "# THIS CODE IS CALCULATING THE REAL VOLATILITY\n",
    "\n",
    "# prescient is a dictionary that contains the covariance matrix calculated using the ewma formula written inside the paper\n",
    "# the key of the dictionary is the timestamp and the value is the covariance matrix calculated for that day\n",
    "\n",
    "# The prescient predictor will always use the original dataset, so it will be uniformly distributed; this is because the prescient predictor is used to compare the other predictors\n",
    "# and we need to have a measure of the real covariance matrix; so this can't be used with the non-uniformly distributed dataset\n",
    "\n",
    "prescientDict = originalPrescientPredictor(uniformlyDistributedReturns)\n",
    "\n",
    "    \n",
    "# print the first 5 elements of the dictionary\n",
    "for key in list(prescientDict.keys())[:5]:\n",
    "    print(key, prescientDict[key])\n",
    "\n",
    "\n",
    "print(\"dimension of the prescient dictionary: \" + str(len(prescientDict)))\n",
    "\n",
    "# print just the first key and value of the dictionary\n",
    "print(list(prescientDict.keys())[0])\n",
    "print(prescientDict[list(prescientDict.keys())[0]])\n",
    "\n",
    "# print the 60 and value of the dictionary\n",
    "print(list(prescientDict.keys())[30])\n",
    "print(prescientDict[list(prescientDict.keys())[30]])\n",
    "\n",
    "# print the 60 and value of the dictionary\n",
    "print(list(prescientDict.keys())[60])\n",
    "print(prescientDict[list(prescientDict.keys())[60]])\n",
    "\n",
    "# print the 60 and value of the dictionary\n",
    "print(list(prescientDict.keys())[90])\n",
    "print(prescientDict[list(prescientDict.keys())[90]])\n",
    "\n",
    "# print the 60 and value of the dictionary\n",
    "print(list(prescientDict.keys())[120])\n",
    "print(prescientDict[list(prescientDict.keys())[120]])\n",
    "\n",
    "# print the 60 and value of the dictionary\n",
    "print(list(prescientDict.keys())[150])\n",
    "print(prescientDict[list(prescientDict.keys())[150]])"
   ]
  },
  {
   "cell_type": "code",
   "execution_count": 41,
   "metadata": {},
   "outputs": [
    {
     "data": {
